tag_0
        0.0189459738165        -0.0580838493027        0.99356594704        -0.0273537671558        0.976262779142        -0.213280693494        0.0259634987458
        0.0189531196708        -0.0580988901415        0.993706662883        -0.0279420707907        0.976264288243        -0.213077370821        0.0269316584145
        0.0189438309728        -0.0580870218636        0.993637526291        -0.0275669176955        0.976187847619        -0.213626380837        0.0257122659587
        0.0189547626837        -0.0580744711898        0.993781604759        -0.0275415191418        0.976346208578        -0.213022677075        0.024716083227
tag_1
        -0.0352328341995        -0.0622265241531        1.00061781417        -0.0297919978214        0.979042691066        -0.199258805679        0.0297283416053
        -0.0352259761279        -0.0622174583001        1.00053450705        -0.0302464106775        0.979205038787        -0.198249133019        0.0306582437928
        -0.0352087576725        -0.0622275060366        1.00085617988        -0.0307063737691        0.979114457839        -0.198699705481        0.0301732348585
        -0.0352224503737        -0.0622435301489        1.00111033334        -0.0304651373416        0.979156659265        -0.198484387062        0.0304640791113
tag_2
        -0.0895325751        -0.0659039118263        0.995680409542        -0.0298707686188        0.977489685134        -0.206190600307        0.0332729467329
        -0.0897836850284        -0.0660668143129        0.998120107531        -0.031151181374        0.97811141105        -0.203670783374        0.029084075923
        -0.089641073203        -0.0659949210227        0.997129307069        -0.0301649555461        0.977852379802        -0.204364675666        0.0336136596171
        -0.0896964226801        -0.066008096053        0.997540046087        -0.0299087790923        0.977953197862        -0.203757625196        0.0345808892068
tag_3
        0.0221369757562        -0.11900812693        1.02589121351        -0.027851842987        0.978869053893        -0.200775365399        0.0269982003524
        0.0221289043301        -0.119576630214        1.03060295983        -0.0263661280754        0.979739848237        -0.195937317384        0.0319878840046
        0.0221345135038        -0.119581756862        1.03076609364        -0.0261680027794        0.979633783815        -0.196483571607        0.0320482655813
        0.0221373253271        -0.119616263543        1.03092257956        -0.026678417007        0.979959333994        -0.194911414681        0.0312650957208
tag_4
        -0.0321089758141        -0.122754681257        1.02367376103        -0.0300216287071        0.979350868217        -0.1976226279        0.0302634379098
        -0.0321241105624        -0.122814090808        1.0241425179        -0.030197216113        0.979342575483        -0.197962629154        0.0280543302245
        -0.0320886107247        -0.122770139569        1.02377896267        -0.030486746159        0.979308155884        -0.198029260908        0.0284693862257
        -0.0320610720683        -0.122623833585        1.02273739236        -0.03022596062        0.979232660443        -0.198458987595        0.0283516889934
tag_5
        -0.0864490849833        -0.126723610747        1.02140294922        -0.0282356948666        0.979672167673        -0.1962809398        0.0303147174525
        -0.0864677014617        -0.126731186833        1.02148896214        -0.0288256115728        0.979775712257        -0.195927084199        0.0286568572317
        -0.0864373353712        -0.12670976315        1.02122784831        -0.0284535701786        0.979796547614        -0.195860502132        0.028771224028
        -0.0864523376462        -0.126720199726        1.02142736072        -0.0283463566095        0.979552200559        -0.196820831085        0.030586449574
        -0.0864338639663        -0.126671371177        1.02114440118        -0.0281289195388        0.979531116938        -0.196934805        0.0307284463556
