tag_0
        -0.251983129194        0.0627777914026        0.854781246235        0.701596231896        -0.631222731        0.263436021911        0.19980503902
        -0.252025691304        0.0627909102205        0.854949217845        0.701778523997        -0.630733536222        0.263607210859        0.200482787102
        -0.251786031549        0.0627287321495        0.854155985862        0.701306554872        -0.631098653101        0.263009654729        0.201766022083
        -0.251784202641        0.0627142387044        0.854127656826        0.701553228333        -0.630843177399        0.262879881715        0.20187649971
tag_1
        -0.248452487432        0.0204141776446        0.888570993111        0.700143008952        -0.63059169803        0.26637253873        0.202976717881
        -0.248520720274        0.0204060697788        0.888820135479        0.700039396428        -0.631631004923        0.264595004673        0.202426778295
        -0.248323011876        0.020391714403        0.888068745719        0.700273861834        -0.630847000518        0.264978173029        0.203556253128
        -0.249047034265        0.020459491849        0.890675734047        0.700194902461        -0.631534502135        0.265865985225        0.200515707816
tag_2
        -0.246631697537        -0.0224116312646        0.928218600211        0.704588188545        -0.630420938029        0.264331399824        0.190404402587
        -0.246582038623        -0.0223763514679        0.928050708668        0.704511661601        -0.630279990755        0.264451176339        0.190986981899
        -0.246314712244        -0.0223930244364        0.927061663089        0.704080242845        -0.630747686207        0.262835731332        0.193250475587
        -0.246697513722        -0.0224063680627        0.928482202706        0.704526491777        -0.630669555794        0.263707520209        0.190674270849
tag_3
        -0.1891095612        0.0719630655735        0.869210483687        0.701323740975        -0.631717198655        0.263682065414        0.198872219397
        -0.188889287808        0.0718875051997        0.86819763722        0.700979866125        -0.63146051592        0.26326592303        0.201434599545
        -0.188809498009        0.0718635160765        0.86783624402        0.700931465774        -0.631124166515        0.264026771104        0.201661178387
        -0.189019274849        0.0719247167837        0.868819804745        0.701440282624        -0.631536018478        0.262934601179        0.200022955634
        -0.188875721543        0.0719021239846        0.868196379391        0.701007063149        -0.63158837443        0.262469064698        0.201978248276
tag_4
        -0.186119991896        0.0292723817769        0.905351176105        0.7046774782        -0.629867974266        0.265804324131        0.189852700757
        -0.186210598895        0.0292925166346        0.905722271462        0.704757268188        -0.629701447797        0.266248784272        0.189485789581
        -0.186272579811        0.0293164770493        0.906001920398        0.704697348424        -0.629863069895        0.266430490194        0.188915203735
        -0.186308120466        0.0293130017439        0.90617763011        0.705120921863        -0.629673643039        0.266453447259        0.187931235447
tag_5
        -0.183647787056        -0.0137066724033        0.94452191716        0.705559734469        -0.630281350421        0.263050738751        0.189037533973
        -0.183700685408        -0.0137311967281        0.944787833256        0.70642691276        -0.629502647792        0.261234878764        0.190902518234
        -0.183734773257        -0.0137220530882        0.945001925173        0.706220276054        -0.629683511554        0.261524767654        0.190673524305
        -0.183605688769        -0.013704604775        0.944359152731        0.705912699565        -0.629860685421        0.262933074362        0.189285435154
