tag_0
tag_1
        0.213590607357        -0.191219913943        0.779631219772        0.933136132293        0.359200106826        -0.013421043931        0.00721924137758
        0.213587391076        -0.191219969907        0.77958158777        0.932948680242        0.359667867899        -0.0133619892725        0.00820012670686
        0.213591723875        -0.191226630018        0.779620500101        0.932867032911        0.359841958171        -0.0144928355934        0.00792601814763
        0.213623852098        -0.191212733993        0.779641119687        0.932969104344        0.359628097934        -0.0130937609905        0.00805201460017
        0.213597894308        -0.191194970254        0.779607650039        0.933108312552        0.359354403649        -0.011334873274        0.00669404748446
        0.213516883431        -0.19115282326        0.7792845598        0.932962257593        0.359646596396        -0.0130720368828        0.00805440616005
        0.213610408374        -0.191251153694        0.779666121869        0.932881595421        0.35977573196        -0.0153371299524        0.00762391386537
tag_2
tag_3
tag_4
tag_5
