tag_0
tag_1
        0.251702768212        -0.160610278197        0.778013719354        0.932365526017        0.361119825848        -0.0156053259529        0.00659325986367
        0.251621631278        -0.160537818701        0.777720599406        0.932420751535        0.361000050013        -0.014944047446        0.00686887493552
        0.251611512149        -0.16053323719        0.7776890267        0.932456166836        0.360879800828        -0.0153849790883        0.00738706320286
        0.25161917422        -0.16054407455        0.777727121219        0.9322417376        0.361415345609        -0.0158862865878        0.0072053128176
        0.251718416364        -0.160603409718        0.777970580895        0.932258450189        0.361396252708        -0.0154059601199        0.00704180178663
        0.251705326732        -0.160593310186        0.777970465978        0.932448224452        0.360971336806        -0.0141775679269        0.00624494109481
tag_2
tag_3
tag_4
tag_5
