tag_0
tag_1
        0.181496139311        -0.151859623258        0.784006058554        0.9327610906        0.359567686236        -0.0221185715073        0.0133639692005
        0.181432600236        -0.151820058139        0.783792987343        0.932740537074        0.359703713248        -0.0213407364354        0.0123653605882
        0.181547066784        -0.151910623632        0.784159518901        0.932529437895        0.360104195293        -0.0233341850803        0.0130127552079
        0.181460108659        -0.151850067184        0.783950948604        0.932689170274        0.359719997192        -0.0227596510303        0.0132073297219
        0.18150629051        -0.151875351261        0.784071473899        0.932794877263        0.359560933689        -0.0212776483757        0.0125265157467
        0.181538971924        -0.15187351246        0.784032759678        0.932540610621        0.360198229362        -0.021635590857        0.012535801323
        0.181486447429        -0.151838058907        0.783858808256        0.93284187614        0.359618453321        -0.0182265367171        0.0121817695931
tag_2
tag_3
tag_4
tag_5
