tag_0
tag_1
        0.282540781051        -0.200057397106        0.774819565281        0.931553085747        0.363223161786        -0.00748066711564        0.0148937167097
        0.282343911159        -0.199947092337        0.774346804088        0.931782055469        0.36263512961        -0.00656396530812        0.0153257377731
        0.28247888749        -0.200015421144        0.774627047343        0.931604190887        0.363105379397        -0.00740923602993        0.0146019928927
        0.282265651561        -0.199867849596        0.774009172697        0.931768961756        0.362694109553        -0.00592795960932        0.0149814585114
        0.282425837183        -0.19998576027        0.774457876805        0.931570960064        0.363199922529        -0.00676456368411        0.0146834369024
        0.282363496725        -0.199926140104        0.774233462889        0.931665204825        0.362997886761        -0.00495371030539        0.0144201622639
tag_2
tag_3
tag_4
tag_5
