tag_0
tag_1
        0.220545691424        -0.120858132968        0.783307418179        0.931841168042        0.361854050555        -0.0262875114246        0.00653072596563
        0.220349758844        -0.120729341627        0.782567829247        0.932094919931        0.36133008182        -0.0240297997451        0.0078867569455
        0.220383856672        -0.120765898        0.782739044248        0.932135267497        0.3612660588        -0.0236342594844        0.00721800714068
        0.220432863791        -0.120784288459        0.782860109565        0.931999607429        0.361549716041        -0.0245424019073        0.00749700544126
        0.220202805647        -0.120674310634        0.782081277614        0.932181634662        0.361152700241        -0.0232159394392        0.00819434343813
        0.220394612719        -0.120776673261        0.782797767642        0.932100069959        0.361302367375        -0.0246046059825        0.00668373224673
tag_2
tag_3
tag_4
tag_5
