tag_0
tag_1
        0.245553176917        -0.230388242421        0.775891982105        0.932261606132        0.361458707458        -0.00710094530424        0.0136189981486
        0.245814679712        -0.230578063726        0.77664752305        0.932329540567        0.361323821679        -0.00686650993861        0.0126322885605
        0.24560901004        -0.230337934104        0.775958845793        0.932263632166        0.361467059338        -0.00657723568281        0.0135212841534
        0.245590864238        -0.230383050375        0.775921911723        0.93246326226        0.360954502571        -0.00578457748649        0.0138076164753
        0.245583376282        -0.230397268527        0.775956468652        0.932336513105        0.361294655283        -0.00656848671511        0.0131016555124
        0.245665754095        -0.23044022849        0.77613509941        0.932411097652        0.361118372529        -0.00570628396887        0.0130577302954
        0.245626676575        -0.230361329738        0.776026444618        0.932273545123        0.361464874025        -0.00595691419959        0.0131794188997
tag_2
tag_3
tag_4
tag_5
