tag_0
tag_1
        0.0519918115963        0.0464518360445        0.286457877213        0.89236896657        -0.443388643843        -0.0836168708114        -0.00961025121543
        0.0519969331989        0.0464514260261        0.286508523314        0.892414380764        -0.443333581397        -0.083463773688        -0.00925781251746
        0.0519965028534        0.0464502188091        0.286497853445        0.892421075731        -0.443298286738        -0.0836281448302        -0.00880828917334
        0.0519943622241        0.0464523727268        0.286494289189        0.892380617783        -0.443363051848        -0.0836774351823        -0.00917191925529
tag_2
tag_3
tag_4
tag_5
