tag_0
tag_1
        -0.00586963901121        0.0491165659266        0.286196313843        -0.692504317816        0.717904252335        0.0506990428391        0.0498082457074
        -0.00585740953002        0.0491149253918        0.286203668535        -0.692521038395        0.717907778328        0.0503429016071        0.0498861248646
        -0.00586982507241        0.0491165469279        0.286182948724        -0.692518008242        0.717915669463        0.05065703055        0.0494951013329
        -0.00586513357345        0.0491085708934        0.286168077624        -0.692480067636        0.717941725831        0.05075921876        0.049543273494
        -0.00586347799616        0.0491105047909        0.286159185978        -0.692547147456        0.717877748363        0.0507009743666        0.049592319502
tag_2
tag_3
tag_4
tag_5
