tag_0
tag_1
        0.0136243276062        -0.00445882360011        0.275873876932        0.92666966296        -0.361021790371        -0.0443195554245        -0.0947754168236
        0.0136255366259        -0.00446119409436        0.275893207195        0.926705509684        -0.361010309512        -0.0440215552903        -0.0946073856411
        0.0136254573001        -0.00446426342961        0.275912156205        0.926729465221        -0.361008077589        -0.0441938856133        -0.094300406581
        0.0136229776046        -0.00445831884887        0.275887307875        0.926695148024        -0.361004635403        -0.0441158249101        -0.0946865874302
        0.0136246972885        -0.00445907522945        0.275885211003        0.926735375923        -0.36092573415        -0.0440086446357        -0.0946435240162
tag_2
tag_3
tag_4
tag_5
