tag_0
tag_1
        0.0229008480481        0.0427507716541        0.287037757171        0.804732799553        -0.589151665123        -0.0673867204692        -0.0276489911179
        0.0228927634963        0.0427481190081        0.287005883892        0.804702847899        -0.589183116204        -0.0674016993496        -0.0278135414481
        0.0228960876514        0.0427432074701        0.286991516742        0.804708903701        -0.589167409143        -0.0674236773434        -0.0279175937499
        0.0229050271105        0.0427495929978        0.287027842834        0.804730215553        -0.589178498263        -0.0671323171275        -0.0277710164939
        0.02290462648        0.0427372179679        0.286990463055        0.804825748647        -0.58905878913        -0.0670529253608        -0.027733778392
tag_2
tag_3
tag_4
tag_5
