tag_0
tag_1
        0.0879258662764        0.0255532533166        0.278466998086        0.915764762398        -0.383736886031        -0.116047289904        -0.0255720307163
        0.0879281214102        0.0255559983683        0.278482227195        0.915760540706        -0.383750774231        -0.116032278012        -0.0255829205369
        0.0879363808469        0.0255482108323        0.278492137831        0.915854453092        -0.383697579533        -0.115549584059        -0.0252008300658
        0.0879279569666        0.0255523336706        0.278475217274        0.915777973303        -0.383765405425        -0.115876498732        -0.0254451223979
        0.0879267045453        0.0255536417626        0.278473035837        0.915825958985        -0.383653477007        -0.115873414678        -0.025419956726
tag_2
tag_3
tag_4
tag_5
