tag_0
tag_1
        0.0483511870437        0.0339658946861        0.284529651203        0.925672270955        -0.369435622668        -0.0755080884321        -0.0307684265073
        0.0483611949276        0.0339631728113        0.284560877815        0.925698298708        -0.369438419936        -0.0753609568058        -0.0303090718011
        0.0483554040441        0.0339627428526        0.284558044914        0.925663845788        -0.369411192463        -0.0758404902109        -0.030496483875
        0.0483486042947        0.0339657941148        0.284528517501        0.925649610947        -0.369422425642        -0.0758814901836        -0.0306898783498
        0.0483575709739        0.0339635600597        0.284562290858        0.925696646104        -0.369405777402        -0.0755281623185        -0.030341188352
tag_2
tag_3
tag_4
tag_5
