tag_0
tag_1
        -0.0198586589689        -0.0419904206542        0.258239338932        0.923228701897        -0.35075965525        -0.0235813108508        -0.155113990409
        -0.0198635254508        -0.0419945990513        0.258250309332        0.923240770881        -0.350790678241        -0.0238126466591        -0.154936557664
        -0.0198653373404        -0.0419830831825        0.258224753928        0.923224303651        -0.350743079893        -0.0241211387598        -0.155094641169
        -0.019868438473        -0.0419879092532        0.25823782861        0.923249739176        -0.350690613399        -0.0241995768731        -0.155049647742
tag_2
tag_3
tag_4
tag_5
