tag_0
tag_1
        -0.0177705987192        0.0551314350804        0.285386886272        -0.634615261588        0.769363855217        0.0429330448263        0.0591564172926
        -0.0177714534397        0.055130564494        0.285393965541        -0.634675378173        0.769328907619        0.0427624775023        0.0590894809602
        -0.0177712122769        0.0551399886129        0.285413592598        -0.634544288718        0.769434424653        0.042766337766        0.0591206577123
        -0.0177681177173        0.0551354622029        0.285407904224        -0.634596363671        0.76937817266        0.0429208945279        0.0591817494086
        -0.0177756854609        0.0551292374559        0.285384039103        -0.634606278725        0.769373796188        0.0431367044062        0.0589750580801
        -0.017769771286        0.0551310888133        0.285394383759        -0.634673585744        0.769318542784        0.042805176032        0.0592126354129
tag_2
tag_3
tag_4
tag_5
