2   
    0.0879    0.0256    0.2785  177.6463   11.2055  -45.7606
5
    0.0484    0.0340    0.2845 -179.9647    6.7885  -43.5093
6
    0.0136   -0.0045    0.2759 -171.7845    0.7819  -41.9354
7
   -0.0199   -0.0420    0.2582 -164.2682   -3.7391  -40.3793
9
    0.0520    0.0465    0.2865  176.8346    8.1279  -53.1020
10
    0.0229    0.0427    0.2870  178.1335    4.3642  -72.5573
11
   -0.0059    0.0491    0.2862  179.7906   -0.0715  -92.0802
12
   -0.0178    0.0551    0.2854 -179.5056   -2.1151 -100.9261
