tag_0
tag_1
        -0.333794238938        -0.125101113475        0.87510658657        0.993172528505        -0.013673564332        0.0768330814327        0.0867066309999
        -0.333588829306        -0.125030317044        0.87463849954        0.992983171649        -0.0144813185467        0.0770212545584        0.0885575439024
        -0.333496808905        -0.125025049875        0.874313723139        0.99316266375        -0.0144335426504        0.0750939560143        0.088207108277
        -0.333151470532        -0.12485677828        0.87340587209        0.993268414192        -0.0140320458732        0.0730814374623        0.0887697164346
        -0.333070414832        -0.124819460369        0.873199764386        0.993191826743        -0.0141546930395        0.0730138944118        0.0896583023434
        -0.3332901157        -0.124962116671        0.873900304601        0.993064606411        -0.0143268228684        0.0751907291813        0.0892400352142
        -0.333751908165        -0.125015644462        0.875010852374        0.993273616462        -0.0140067215242        0.0755146236901        0.086653771993
        -0.333176301497        -0.124931930477        0.873502944779        0.993224104676        -0.0144324192824        0.0732005423602        0.0891025463296
        -0.333493146414        -0.124993185058        0.87433033273        0.993145093805        -0.0142890107367        0.0755548263244        0.0880347377015
        -0.333554366677        -0.12502628734        0.874571003115        0.992941251815        -0.014432264521        0.0774127032711        0.088694157403
        -0.33354005425        -0.12500052664        0.874593693727        0.993036992548        -0.0139750132053        0.0776472837022        0.087482168298
        -0.333291596071        -0.124910172136        0.873864481448        0.993070158417        -0.0147214338037        0.0756937800252        0.0886870425406
        -0.333632631394        -0.125091702913        0.874785257613        0.993026018878        -0.014511048522        0.0768597547639        0.0882118665496
        -0.333457525891        -0.124927587643        0.874221618636        0.993167162437        -0.0139525193658        0.0754505170882        0.0879291426758
tag_2
tag_3
tag_4
tag_5
