tag_0
tag_1
        0.464355234843        -0.133929276555        1.12865998859        0.994945139014        -0.0256613531288        0.0823290451029        0.0514547727599
        0.464524912277        -0.133983256643        1.12910219901        0.994929045595        -0.0266714048148        0.0823427991728        0.0512298137956
        0.464393905654        -0.133942579062        1.12876041386        0.994962342469        -0.0258520274775        0.0820557722276        0.0514631906063
        0.464523870567        -0.134011148628        1.12910789447        0.994993181706        -0.0262380193862        0.0820517996425        0.050671854837
        0.464087196767        -0.133870073227        1.12814188885        0.994915763451        -0.0267626810087        0.081444177737        0.0528510024038
        0.464349317752        -0.133941358548        1.12862104317        0.994948602476        -0.0265693839774        0.0828223198075        0.0501179569394
        0.464217214782        -0.133900148098        1.12836905968        0.994901359087        -0.0266741073381        0.0821354936989        0.0520916342525
        0.464342883033        -0.133940887737        1.12867250952        0.994935964508        -0.0264929292665        0.0817007986691        0.0522066157175
        0.464583635918        -0.134014795265        1.12925180217        0.995015784772        -0.0261763846365        0.0820011066096        0.0503408726246
        0.464056752118        -0.133864059603        1.12804732689        0.994835923682        -0.0265016078578        0.0823362933399        0.0531025849771
        0.464189327195        -0.133904979781        1.12831814147        0.994902983556        -0.0262409805291        0.082310896476        0.0520036592247
        0.464351707684        -0.133919013807        1.12865766621        0.99484979569        -0.0267033772364        0.0826134565349        0.0523051666486
        0.464437693781        -0.13397411956        1.12895064634        0.994999500223        -0.0268075678155        0.0813542954645        0.0513695189182
        0.464140374405        -0.13389120392        1.12820316905        0.994888571171        -0.0264573619182        0.0820721917709        0.0525442127304
        0.464308627519        -0.133919941146        1.12857290279        0.994910986309        -0.0262341275796        0.0819737910377        0.0523850881038
        0.464254748609        -0.133916314736        1.12841029803        0.994929393228        -0.0258169349249        0.0821822753756        0.0519139863189
        0.464606718931        -0.133998324931        1.12934981695        0.995008471861        -0.0262913725083        0.0815182547782        0.051202331918
        0.464200537786        -0.133903030161        1.12834134919        0.994986621727        -0.0264869252673        0.0816671742537        0.0512887709269
        0.464299191227        -0.133933903423        1.1285863407        0.994962373185        -0.0268251797075        0.0817216742259        0.0514961517188
tag_2
tag_3
tag_4
tag_5
