tag_0
tag_1
        0.369266623699        -0.185483085662        0.990705798676        0.980269994247        -0.0732542721459        0.0516251388737        0.176180007459
        0.369399012309        -0.185531545248        0.99102360293        0.980388350458        -0.0729862062542        0.0509553296823        0.175827331095
        0.369655191472        -0.185628414082        0.99174831327        0.980467694837        -0.0734567035496        0.0510015981676        0.175174339073
        0.369373577291        -0.18552556724        0.990932549572        0.980390340502        -0.0733803500855        0.051647987472        0.175449679001
        0.369500904032        -0.185582905273        0.991348055989        0.980424958462        -0.0734648931697        0.051410653818        0.17529048739
        0.369388294185        -0.185536264451        0.991036612838        0.980361123326        -0.0733972512466        0.0514492733622        0.175664121697
        0.369256002206        -0.185465647169        0.990678891897        0.980346374906        -0.0731733418112        0.0518610558319        0.175718747276
        0.36938690889        -0.185518903432        0.991053358724        0.98037967712        -0.0732920144564        0.0512600160477        0.175659841913
        0.36937338009        -0.18554285412        0.990957719746        0.980361520551        -0.073171389451        0.0518127859844        0.175649286922
        0.369679391964        -0.185672331762        0.991823595724        0.980446853768        -0.073191080021        0.0514590718659        0.17526835614
        0.369143278941        -0.185414640389        0.990347804707        0.980191565157        -0.073061832873        0.0517009401387        0.176673362339
        0.369256259681        -0.185476549345        0.990735515571        0.980289322525        -0.0731878499639        0.0516341590699        0.176097405939
        0.368947989021        -0.185289694791        0.989859661936        0.980158066738        -0.0730487474045        0.0520269131925        0.176768902851
tag_2
tag_3
tag_4
tag_5
