tag_0
tag_1
        0.0876235223964        -0.229454771822        0.818487021524        0.948414768548        -0.0463361477209        0.0774692935922        0.303909356166
        0.0876407521764        -0.229442663095        0.81866558168        0.948751436069        -0.0472677264422        0.0775970651805        0.302679979632
        0.0877414118643        -0.229824499325        0.819971782842        0.948856074166        -0.0472890364727        0.07649145459        0.302630062819
        0.0876400831683        -0.229470120168        0.818718285454        0.948770305486        -0.0473758690667        0.0776714581713        0.302584829501
        0.0876608855979        -0.229524463909        0.818962552687        0.948688247328        -0.0475970460216        0.0771768889393        0.302933752502
        0.0876758651104        -0.229485266368        0.818804143762        0.948727132801        -0.0470987972019        0.0775389308368        0.302797366228
        0.0875924814114        -0.229412555198        0.818353855218        0.94837548034        -0.0466777182452        0.0777587004303        0.303905780494
        0.0876456405525        -0.229427205004        0.818692851233        0.948725575655        -0.0472328461022        0.0775854159399        0.302769456156
        0.0876336725008        -0.229410636764        0.81854620623        0.948778772577        -0.0469971066721        0.0773411815875        0.30270192319
        0.0876753607303        -0.229463846793        0.818817928871        0.948730917276        -0.0470574928176        0.0775793854112        0.302781568022
        0.0877079482627        -0.229628385717        0.819297050293        0.948732527966        -0.0474832232469        0.0766709563546        0.302941410741
        0.0876992723664        -0.229609878985        0.819235118692        0.948769163733        -0.047120315606        0.0766614227815        0.30288574754
        0.0876876417268        -0.229657461838        0.819302727431        0.948580209594        -0.0472373338705        0.0765441798837        0.303488399748
tag_2
tag_3
tag_4
tag_5
