D: [0.0, 0.0, 0.0, 0.0, 0.0]
K: [614.402587890625, 0.0, 325.7904052734375, 0.0, 614.85693359375, 240.3458709716797, 0.0, 0.0, 1.0]
R: [1.0, 0.0, 0.0, 0.0, 1.0, 0.0, 0.0, 0.0, 1.0]
P: [614.402587890625, 0.0, 325.7904052734375, 0.0, 0.0, 614.85693359375, 240.3458709716797, 0.0, 0.0, 0.0, 1.0, 0.0]

camera matrix
572.001961 0.000000 342.926644
0.000000 572.116014 237.663322
0.000000 0.000000 1.000000

distortion
0.039192 -0.170466 -0.001371 0.010488 0.000000

rectificationS
1.000000 0.000000 0.000000
0.000000 1.000000 0.000000
0.000000 0.000000 1.000000

projection
566.637024 0.000000 349.964598 0.000000
0.000000 574.920349 237.171398 0.000000
0.000000 0.000000 1.000000 0.000000

