tag_0
        0.0196584708803        0.0301366312314        0.95497231698        -0.00387960879245        0.977497404805        -0.20970800961        0.0225016208592
        0.0196643309557        0.0301385038632        0.954981335828        -0.00339400359677        0.977581997368        -0.209505481411        0.0207213035256
        0.0196584326042        0.0301828014578        0.953212534445        -0.00346681816769        0.978361868426        -0.205657731832        0.0223815307551
        0.0196555528894        0.0301000370468        0.953602133608        -0.0036968182721        0.977295611031        -0.210790422013        0.02114285177
tag_1
        -0.0342630537153        0.0295204963008        0.952405342427        -0.0130191831201        0.985041747301        0.171749862404        0.00502411284645
        -0.0341555434232        0.0291572824562        0.950688517487        -0.00413844892383        0.978431850133        -0.20522103222        0.0232016340122
        -0.0341476510662        0.0291636414575        0.950669641353        -0.0043552927644        0.978010630134        -0.20713128817        0.0239346658921
        -0.0341436145026        0.0291690177581        0.950559119759        -0.00406897337034        0.978127848811        -0.206256962833        0.0265973705211
tag_2
        -0.0888097349899        0.0283325216825        0.952824645475        -0.00581800496753        0.978700027234        -0.203589460715        0.0257631325014
        -0.0888837737458        0.0283587105133        0.953870040674        -0.00576432170122        0.979307527876        -0.201067462342        0.0222578981008
        -0.0888539971328        0.0283480531202        0.953325454803        -0.00613057856669        0.978863378367        -0.20300288552        0.0240568279186
        -0.0889062767275        0.0283785957354        0.954027474205        -0.00576795766603        0.979201061855        -0.20168222638        0.021360961774
tag_3
        0.0196426926387        -0.0303511630612        0.982758924901        -0.00545103514346        0.980536044382        -0.193118678907        0.0349932527783
        0.0196247319288        -0.0303197481068        0.981785597129        -0.00518921501918        0.980321652853        -0.194157147004        0.0352920849748
        0.0196389429279        -0.0303453708971        0.982666257412        -0.00554728930088        0.980472116732        -0.193532415941        0.0344798473258
        0.0196340576714        -0.0303508522258        0.982723883876        -0.00567575156461        0.980548847645        -0.193228206574        0.0339794557213
tag_4
        -0.0346952383241        -0.0315964786759        0.98461115041        -0.00423111701525        0.980586527324        -0.194779987701        0.0222017222598
        -0.0347054935066        -0.0316169002252        0.984708763484        -0.00456475845889        0.980389981032        -0.195646134973        0.0231783938549
        -0.0346968414048        -0.0315923369571        0.984404949536        -0.00471261423058        0.980574141581        -0.194852321397        0.0220162888969
        -0.0347006056914        -0.0315811098077        0.984362397967        -0.00414100186922        0.980470468626        -0.195574623529        0.0202750804645
tag_5
        -0.0892362143148        -0.0328723400852        0.98072047591        -0.00613020030363        0.979120243549        -0.200800259519        0.0310680719302
        -0.0892055100783        -0.032796994196        0.980315769407        -0.00731401259551        0.979889625982        -0.196558471275        0.0335796587583
        -0.0892481016547        -0.032820813513        0.980888760428        -0.00634557185626        0.979800648648        -0.196914870527        0.0342776369048
        -0.0892018843983        -0.0328039475576        0.980296332536        -0.00644821241658        0.979953032301        -0.196608974681        0.0315497403426
        -0.0891150258589        -0.0327744699783        0.979439068044        -0.00649849250898        0.9798263725        -0.197439026198        0.0302635140582
