tag_0
        -0.122117829317        0.0239592589329        0.546461242517        0.942389864983        0.0455282980499        0.324729734324        0.0661748902503
        -0.122161129055        0.0239590446927        0.546630192291        0.942322310089        0.0457789923711        0.325028632991        0.065493018727
        -0.122091658107        0.0239660450494        0.546523763493        0.942220860845        0.0463232575333        0.324708738493        0.0681046279366
        -0.122134522888        0.0240358874059        0.546894908152        0.942498213769        0.0466290315389        0.324171502087        0.066600958664
tag_1
        -0.159098209084        -0.0328014603545        0.519857105466        0.942725580913        0.0451761716799        0.319901857665        0.0830083975692
        -0.159011585488        -0.0327943502775        0.519592834565        0.942075399259        0.0451277976743        0.321743298556        0.0832987024099
        -0.159038030155        -0.0327968273734        0.519840913842        0.942363278088        0.0456086492514        0.321136067903        0.0821153403227
        -0.159202279669        -0.0327719087732        0.520501462589        0.943001401318        0.0455308429623        0.319555704102        0.0809904403496
tag_2
        -0.0822136545395        -0.019198722793        0.595310444868        0.936991277715        0.0471275466161        0.339492677862        0.0676096259024
        -0.0822031062523        -0.0192214668591        0.595373702951        0.937077181117        0.0474578404043        0.339288106979        0.0672137670177
        -0.0821583226065        -0.0191951672664        0.59529368389        0.93711241357        0.047568652037        0.339275689667        0.0667049779088
        -0.082215438969        -0.0191582012038        0.595970979284        0.937406859914        0.0482974686752        0.338425095617        0.0663640577652
tag_3
tag_4
        -0.0837441005757        0.0799465875801        0.566306212551        0.934313033963        0.0379916390466        0.342937066391        0.0894983710778
        -0.0837310490298        0.0799339044582        0.566193749933        0.9343899386        0.0376422623421        0.34301149836        0.0885528922326
        -0.0837223176391        0.0799736490182        0.56626052457        0.934407863763        0.0381604897244        0.342942496833        0.0884090777494
        -0.0836061536859        0.0800074968422        0.565860666161        0.934782553012        0.037471736722        0.342778819867        0.0853236671828
tag_5
my_bundle
        -0.120374864242        0.0235963299738        0.538563199127        0.93861954696        0.0429452031944        0.333267367917        0.0779866467373
        -0.120366235269        0.0235843400731        0.538554605079        0.938601484905        0.042939711069        0.333333321276        0.0779251607322
        -0.120330549612        0.023606532657        0.538538892185        0.93859778309        0.0431581798047        0.333352717579        0.0777659229845
        -0.120278659012        0.0236657359746        0.53854622594        0.938576231529        0.0430668216093        0.333389209584        0.077920096377
