tag_0
        0.0199605520389        -0.00693477586632        0.96553680703        -0.00801452524448        0.97583050703        -0.216220218254        0.0306497333106
        0.0199623067448        -0.00620045498538        0.971708099042        -0.00320738304192        0.977023051622        -0.213079786928        0.0035600134643
        0.0201156963891        -0.00522241215541        0.978008511391        -0.00540450159357        0.978263426013        -0.204947068626        0.0311152655493
        0.0199647656691        -0.00443590273654        0.970790220189        -0.00489793702922        0.976886484651        -0.213356769805        0.0121529871584
tag_1
        -0.0343566226976        -0.00720045341355        0.980335148461        -0.00744064564416        0.981522528833        -0.187710369558        0.036372783039
        -0.0343771982884        -0.00636969650584        0.980954355836        -0.00466460328023        0.98180901326        -0.18845818226        0.0226454520371
        -0.0340728556514        -0.00525774833092        0.974423587266        -0.00871551131761        0.98040404806        -0.195320319352        0.0241229197813
        -0.034378196444        -0.00451666857326        0.979533249955        -0.00481834711373        0.982379771025        -0.185929281068        0.0183595057848
tag_2
        -0.0888338224623        -0.00824599543658        0.97303327624        -0.00578012340323        0.979088914581        -0.199061019216        0.0415475408042
        -0.08886618957        -0.00721587741687        0.972719257915        -0.0225595061199        0.978009147896        0.202028600944        0.0466220947134
        -0.0889253716481        -0.00643644450741        0.973000373961        -0.0042199467644        0.979376353273        -0.199734209079        0.0301727761648
        -0.0888567031716        -0.00558632561262        0.972002605572        -0.00602991786132        0.979419130116        -0.197053353904        0.0432641117832
tag_3
        0.0199384308099        -0.0674011375557        1.00700374709        -0.00507936856273        0.980914217618        -0.192026095364        0.0301243487604
        0.019967292091        -0.0666013528673        1.00801540988        -0.00321877935371        0.981384947579        -0.190751302206        0.0220718107849
        0.0199198076091        -0.0647956573531        0.995158897509        -0.00697452820923        0.978605994411        -0.202024629891        0.0383107370986
        0.019963008549        -0.0648638499012        1.0079422027        -0.00254156434244        0.981617155467        -0.1900845255        0.0170051083479
tag_4
        -0.0345595051029        -0.0694409479462        1.00344649438        -0.00338938918757        0.981201175233        -0.192248825125        0.0165274015002
        -0.034000698719        -0.0675300566883        0.99153763113        -0.0069864547866        0.978450922248        -0.202872353905        0.0377861114907
        -0.034537647743        -0.0675064724335        1.00104585426        -0.00406049920328        0.979310366833        -0.200342495822        0.0282418506395
        -0.0344812767797        -0.0662971059039        0.998973457847        -0.00686383616219        0.979940752031        -0.195197985742        0.0395822766537
        -0.0342263340585        -0.0652963522453        0.993243737082        -0.00176266407105        0.978667990522        -0.203823846691        0.0257234691121
tag_5
        -0.0886750343247        -0.0704127614774        0.995779012627        -0.00452797260932        0.978628037846        -0.204721276992        0.0188642453264
        -0.0888651688912        -0.0694727648495        0.997265458478        -0.00940501905987        0.980552329655        -0.193352286626        0.032304298173
        -0.0887095233178        -0.0685523498994        0.994662074056        -0.00426126552334        0.978973032347        -0.203006048726        0.0195496223323
        -0.0888264004274        -0.0675888908742        0.995602409634        -0.00867851097447        0.980598188733        -0.193153608591        0.0323041667507
