tag_0
tag_1
        -0.0932524931377        -0.0643509657988        0.750160448998        0.6965104106        -0.689565507084        0.129188926613        0.150608368313
        -0.0932667193317        -0.0643098529122        0.750271187017        0.696562693314        -0.689757682957        0.128324388167        0.15022517927
        -0.0932711353174        -0.0643324296993        0.75044360217        0.696516845109        -0.689665666273        0.128805422887        0.1504483841
        -0.0932812668605        -0.0643667465953        0.750389991564        0.69644485763        -0.689730678515        0.128952965159        0.150357188629
        -0.0933277611218        -0.0644198132277        0.750903988613        0.696465976305        -0.689839081311        0.129238220997        0.149514775118
        -0.0932727929349        -0.0643249774854        0.750368044499        0.696575508631        -0.689715721636        0.128484249249        0.150221775377
        -0.0932627984669        -0.0643160304594        0.750304524025        0.696388363995        -0.689728594851        0.128579588678        0.150947014919
        -0.0932927348399        -0.0643346294245        0.750458085186        0.696531583788        -0.689720512135        0.128494274272        0.150394778517
        -0.0932762693004        -0.0643530804499        0.750364552468        0.696525262388        -0.689623845445        0.128685376567        0.150703631362
        -0.0932895773412        -0.0643534038135        0.750400013058        0.696546703847        -0.689630989219        0.128840140257        0.150439377584
        -0.0933162331409        -0.0643705677778        0.750712944971        0.696526965217        -0.689797445253        0.128845597014        0.149761421528
        -0.0933069629133        -0.0644082973513        0.75062277374        0.696442176254        -0.689683610484        0.129371684427        0.150225762879
        -0.0932956609431        -0.064423327054        0.750494215794        0.696385951667        -0.68964893376        0.129635217625        0.150418299539
        -0.0932967637224        -0.064389105865        0.750451021617        0.696529321924        -0.689677992833        0.129217668715        0.14997987863
        -0.0932868971667        -0.0643572774345        0.750342854263        0.69653991814        -0.689628593254        0.128906114603        0.150425261914
        -0.0933023159772        -0.0643596634749        0.750481481524        0.696642933935        -0.689631293681        0.128730593109        0.150085761392
        -0.0933303785884        -0.0644413611709        0.750873031335        0.696449550914        -0.689755998511        0.129285186003        0.149933405983
tag_2
tag_3
tag_4
tag_5
