tag_0
        0.0435592239825        -0.0301429758787        0.883982529376        -0.635290806279        0.637823861927        -0.340749295476        -0.271064992659
        0.0436052454527        -0.0300816417047        0.884333830467        -0.635067749265        0.637927129785        -0.341116569473        -0.270882662713
        0.0435807031063        -0.0301322446758        0.88401763346        -0.635245611178        0.637662032777        -0.340889614233        -0.271375047382
        0.0435948330699        -0.0300712199344        0.884116215323        -0.635006327573        0.637850158159        -0.341332926037        -0.27093536735
        0.0436229334699        -0.030110263165        0.88469712021        -0.634992018282        0.638190688112        -0.340829426863        -0.270800819995
tag_1
        0.0411728362783        -0.0643154207693        0.92822188923        -0.634831579885        0.640296091978        -0.332026809614        -0.277070347521
        0.0411180618924        -0.0643383113004        0.927855797839        -0.634291911935        0.640660151324        -0.331928518034        -0.277582059713
        0.0410893093333        -0.064203360824        0.926534504141        -0.634020244408        0.640587466229        -0.334064527932        -0.275802318641
        0.0411108551778        -0.0643065267124        0.927230296727        -0.634069013798        0.640366082763        -0.333419019373        -0.276982893531
tag_2
        0.0387134765062        -0.0987499538076        0.971000077751        -0.636665445209        0.640237916926        -0.335623875214        -0.268531441349
        0.0386700578038        -0.0988232149894        0.970926062669        -0.636840928672        0.640290822219        -0.336239093222        -0.267216329479
        0.0387021032145        -0.0986766307053        0.970279303727        -0.637544392968        0.639616826194        -0.335543107838        -0.268026650593
        0.0386309353072        -0.0986004128293        0.969072274483        -0.635856402601        0.641098911899        -0.337572496318        -0.265939147482
tag_3
        0.109344164462        -0.0273539548382        0.888417136321        -0.633225710979        0.637998215465        -0.342203165122        -0.27364296044
        0.109365478122        -0.0274046119589        0.888659173551        -0.632481348916        0.639032654877        -0.342046147963        -0.273146557617
        0.109369330054        -0.0273605679479        0.888594511319        -0.633170143657        0.638178524223        -0.341858430667        -0.273781945687
        0.109425127685        -0.0274013555435        0.889011291841        -0.63231759149        0.639466407331        -0.341555409929        -0.273124658968
tag_4
        0.106685077368        -0.0612150411898        0.928752352585        0.636852176914        -0.636100935635        0.34116538925        0.270926339846
        0.106458725775        -0.0611499405796        0.926970197182        0.636771590475        -0.635432958756        0.341980899767        0.271654119582
        0.106727346239        -0.0612375505012        0.929057877585        0.6366309113        -0.636354079441        0.34025715932        0.27199197394
        0.106653518817        -0.0612301447252        0.92855881759        0.636770476322        -0.635987488179        0.3412212376        0.271314102792
tag_5
        0.104509563071        -0.0955392916658        0.972705743685        -0.635864429013        0.638026615403        -0.340772463656        -0.26920734382
        0.104610713219        -0.0954738147938        0.972913317578        -0.63597414781        0.637891100561        -0.340076027134        -0.270148335015
        0.104543547023        -0.095495264953        0.972543493683        -0.635937661305        0.637749450421        -0.340298267532        -0.270288768792
        0.104598280468        -0.095463445429        0.972770482686        -0.63581853954        0.637991246905        -0.339985465062        -0.27039200653
