tag_0
        0.434255478161        0.244173025241        1.07131584165        0.705307315737        -0.68037062541        0.181733798701        0.081303313936
        0.433764982944        0.243866697762        1.07006472014        0.705199179024        -0.67956627133        0.183953762652        0.0839333901391
        0.434197499438        0.244117521095        1.07112198165        0.705208987722        -0.680173254011        0.182189219471        0.0827750957234
        0.433127598083        0.243522194495        1.06855242886        0.705716157021        -0.679125035351        0.184745433914        0.081381918921
tag_1
        0.434538099808        0.193621860335        1.09129455535        0.706477937487        -0.67798154099        0.179463990562        0.0949875255629
        0.433267345126        0.193069389087        1.08809384544        0.706483035968        -0.676696094293        0.183465027642        0.0964608702565
        0.433542936819        0.193201564193        1.08878767513        0.70635347498        -0.677772312632        0.181094303151        0.0943096706565
        0.433677859258        0.193280745299        1.08910059595        0.706777602352        -0.677124715265        0.181368496523        0.0952523451701
tag_2
        0.433316862275        0.142387194135        1.10736329845        0.705893354192        -0.677641926062        0.183388566082        0.0942582960876
        0.432852815468        0.142248888416        1.10622158038        0.706164862921        -0.676575070172        0.186047272554        0.0946772051381
        0.433801355788        0.142559966997        1.10861315549        0.705986483655        -0.677377266753        0.183759929628        0.0947386491623
        0.433618572734        0.142516405862        1.10813690857        0.70659509469        -0.676467419342        0.184723058006        0.0948292917299
tag_3
        0.501120099444        0.248858424268        1.08254743324        0.705106682679        -0.680319205291        0.181088724089        0.0848364247374
        0.501594680402        0.249096448437        1.08352310111        0.706268613798        -0.679841164734        0.178235424067        0.0850456906875
        0.501315318714        0.248946728461        1.08293384172        0.705529910745        -0.680157151107        0.18018575574        0.0845392705759
        0.501704568552        0.249168334905        1.08381362122        0.705416880787        -0.680771425508        0.177830942762        0.0855186898183
tag_4
        0.500575375772        0.197890933363        1.09999838544        0.706157903496        -0.679441377427        0.179989111679        0.0854654880446
        0.50160838468        0.198300520578        1.10227955        0.704838794186        -0.681781881812        0.176230584127        0.0855483551079
        0.501184996674        0.198131358885        1.10129150213        0.705078431378        -0.680838908548        0.178969650037        0.0853970173852
        0.501598192985        0.198251740664        1.10220011492        0.706098983346        -0.680067027005        0.178612444894        0.083849025203
tag_5
        0.499437372444        0.146767273772        1.11576893199        0.706334773249        -0.678320688178        0.181379527784        0.0898537644759
        0.50172641163        0.147398468481        1.12086388792        0.706210924574        -0.679321420333        0.177260037702        0.0914735859312
        0.501516858426        0.14733250555        1.12044371093        0.706226341535        -0.679119128293        0.17846498209        0.0905086419983
        0.501939637015        0.147449415715        1.12140378259        0.706166977911        -0.67933293844        0.177668969673        0.0909323664774
        0.502073987918        0.147514611869        1.12173603339        0.706312488223        -0.679565598906        0.176807039111        0.0897359274961
