tag_0
        0.321211882386        0.110277259974        0.963622543087        -0.64905940378        0.689741088867        -0.257010164083        -0.192158518552
        0.322296904399        0.110639230928        0.966993123767        -0.649313756094        0.690213990878        -0.254167216143        -0.193378693712
        0.322565522878        0.11071849712        0.967749959246        -0.649391367573        0.690414995899        -0.253683787473        -0.193035025664
        0.322192091619        0.110609527136        0.966655426752        -0.649182732104        0.690075306539        -0.254461714278        -0.193925469212
tag_1
        0.318571357877        0.0673498771059        1.00235522046        -0.645934416891        0.69323553758        -0.249153707254        -0.200288913007
        0.319810454517        0.0676360339746        1.00629316357        -0.647031539173        0.694098570105        -0.243734331142        -0.200426889701
        0.318687728036        0.0673755954378        1.00272375963        -0.646110844281        0.693290566799        -0.248745586162        -0.200036497307
        0.319615604139        0.0675791527642        1.00559240642        -0.646094535879        0.694517574775        -0.245468308253        -0.199881211422
tag_2
        0.313254899359        0.0234890265028        1.0321891155        -0.650261578842        0.690450892059        -0.250384572956        -0.194280751394
        0.312836311162        0.0234740689054        1.03081309377        -0.650450881502        0.689874131071        -0.25152782339        -0.194219175403
        0.312594214457        0.023455329452        1.02997529938        -0.650003104378        0.690086658799        -0.252324025998        -0.193930280129
        0.312987140382        0.0234935209705        1.0312838062        -0.650210986873        0.690258758848        -0.251443470877        -0.193764546127
tag_3
        0.390807791621        0.109185992476        0.979163389347        -0.648559482474        0.692162053733        -0.247049354072        -0.198113365822
        0.389061074673        0.108682391523        0.974747241831        -0.649114692137        0.689981705247        -0.250779365826        -0.199211125575
        0.389081293243        0.108692454545        0.97479195199        -0.648135975527        0.691025318171        -0.250633317926        -0.198964084246
        0.389780031813        0.10886936028        0.976540892836        -0.648114659746        0.691271841089        -0.250407412324        -0.198460971964
tag_4
        0.381660186001        0.0644902190945        0.999574000218        -0.648581308574        0.690211895822        -0.253498156013        -0.196693949913
        0.382566038565        0.0646774067117        1.00184938851        -0.648296866586        0.690653708488        -0.252129070603        -0.197837204497
        0.381695618281        0.0644859512555        0.999715071558        -0.649073847682        0.689640599471        -0.25300103991        -0.197710539986
        0.381034750379        0.0643754088694        0.997885627083        -0.648757442517        0.689274720113        -0.254234540493        -0.198441274467
tag_5
        0.380588344655        0.0212671116731        1.0404445169        -0.648357680014        0.69274962313        -0.242584360437        -0.202195713336
        0.380199101461        0.0212506728887        1.03934240821        -0.64821053576        0.692596117252        -0.244139452146        -0.201319764563
        0.380217199954        0.0212399268847        1.03938112547        -0.648519426994        0.692320105756        -0.24472989857        -0.200555979026
        0.380026752523        0.02122665651        1.0389108141        -0.648425072371        0.69228881125        -0.244908860001        -0.20075053582
        0.380453904153        0.0212755196458        1.04004527803        -0.648817953177        0.692201802264        -0.243255164813        -0.201789130949
