tag_0
        -0.38498537176        0.169219263035        0.905820863039        0.714878693699        -0.668309424116        0.155040770606        0.135178868107
        -0.38399202916        0.168619649555        0.904059268421        0.713863685121        -0.668260011606        0.156649850145        0.138881317691
        -0.384224244449        0.168547595173        0.905304768334        0.714945571959        -0.668047643812        0.155850703715        0.135187768994
        -0.384173912863        0.16832677661        0.905886429638        0.716240044093        -0.666829881556        0.156022553686        0.13414570825
tag_1
        -0.381562960961        0.12005648414        0.926643701195        0.709592908462        -0.668817178732        0.168278840799        0.144373534392
        -0.381139202175        0.119722260753        0.9263470549        0.709790780186        -0.669106285198        0.165434900379        0.145344835505
        -0.37987775729        0.119119468685        0.923924694316        0.709050520958        -0.668308168078        0.170496477348        0.146773643484
        -0.380786334361        0.119171028024        0.92696510163        0.710879919146        -0.668259305352        0.164564439917        0.144906129891
        -0.379957537872        0.118661159696        0.925653299304        0.710188061376        -0.668073737178        0.168036924285        0.145168837045
tag_2
        -0.377434520471        0.0701685721628        0.947425345562        0.712141517193        -0.668018282609        0.164803132117        0.139448776383
        -0.377529348355        0.0699665059261        0.948409003645        0.711835480901        -0.667851042191        0.165784333259        0.140644190852
        -0.376851710272        0.069559797636        0.947583114068        0.712178297207        -0.667737865645        0.164479894521        0.140977232454
tag_3
tag_4
        -0.313477863182        0.123803881117        0.922690134008        0.709905021117        -0.666750075211        0.171503422793        0.148545528944
        -0.311865795724        0.122956391698        0.918839993309        0.70898606648        -0.667152244284        0.169761479175        0.153061035776
        -0.312475536314        0.123079520127        0.921461938147        0.71046172505        -0.666872614696        0.167708987789        0.149662114183
        -0.31176914387        0.122585280134        0.92041370526        0.710262882212        -0.66611804744        0.169415145484        0.152025963267
        -0.311277189556        0.122227061126        0.919761788379        0.709140573834        -0.665915667268        0.172729394958        0.154403778278
tag_5
        -0.311203680024        0.0750762858267        0.948381427952        0.711046562202        -0.667259253562        0.166446690238        0.146537961721
        -0.310574925666        0.0747004248396        0.94757299655        0.710925845541        -0.666059381615        0.168786203773        0.149868474738
        -0.310675727854        0.0745292291683        0.948750694333        0.711123659446        -0.66631326772        0.169206535418        0.147305528097
        -0.310292012513        0.0742268228552        0.94865879964        0.710262724929        -0.666775639553        0.171420456087        0.146806455272
my_bundle
