1
   -0.1598    0.3826    0.3270  130.8934  -20.7048  142.2077

2

    0.1732    0.3749    0.3151 -146.3099  -25.6589   43.8979

3
    0.1978    0.3742    0.1776  117.9172  -46.1301  140.2500

4
   -0.2159    0.3218    0.1840 -106.1021  -25.6589  -11.3099

5
    0.0000    0.6129    0.2912  180.0000  -60.0000   90.0000

7
    0.0000    0.4901    0.0217  180.0000  -90.0000   90.0000

8
   -0.2284    0.5432    0.2804   86.3849   13.6440  150.4445
9

    0.2159    0.3218    0.1840  106.1021  -25.6589 -168.6901
10

    0.1720    0.6884    0.1970  -98.6822   -4.9809   40.3783
11

    0.0851    0.4827    0.0217 -115.7305   90.0000  -35.7305
12
   -0.0630    0.5728   -0.0117  -88.7675   16.6658  -15.3112
13
    0.0000    0.7374    0.1667 -139.1066  -48.5904   40.8934
