1
    0.2787   -0.0126    0.8805  162.8926  -42.4020  156.6426
2
   -0.1577   -0.2175    0.8240 -167.5852  -47.7229   46.6924
3
   -0.2071   -0.1561    0.7775  163.8602  -21.8021  135.0837
4
    0.0122    0.1098    0.9605  160.4636  -17.2323   29.8394
5
    0.1530    0.1106    0.6641 -175.4757  -31.3259   92.6412
7
    0.1246    0.1987    0.7021 -176.6342   -0.6637   92.6290
8
   -0.2709   -0.0285    0.7163  154.1062   -2.2821 -160.3771
9
    0.1048    0.2846    0.8831 -156.1735  -17.9907  155.1581
10
    0.2680   -0.1481    0.4711 -139.8179  -10.3338    7.7158
11
    0.1854    0.0243    0.6952  166.9227   -4.4355  -86.1530
12
    0.1131    0.1317    0.6329  159.6117   -1.0665  -13.0639
13
    0.1125    0.0053    0.5015 -176.7086  -30.8870   63.2277
