tag_0
        -0.207437926069        -0.156382254599        0.77901530229        0.393240026147        0.890455449474        0.190459121962        -0.127187645625
tag_1
        -0.138266399632        -0.160427607246        0.781306009332        0.396515278697        0.884172694444        0.212046809151        -0.126690295164
tag_2
        -0.205058105483        -0.0940836463373        0.820518001339        0.39639576901        0.883842704099        0.221415871908        -0.112549901775
tag_3
tag_4
        -0.280867297354        -0.15526843738        0.791465537532        0.39480143632        0.889175170846        0.196671782302        -0.121735580161
tag_5
my_bundle
        -0.207081819156        -0.156141458592        0.777543377907        0.396021355583        0.888378653415        0.198643388652        -0.120379642062
        -0.20707215894        -0.156133040105        0.777461486202        0.395934993065        0.888354720455        0.198921415475        -0.120381237648
