tag_0
        -0.158312820356        -0.218497066896        0.828344609128        0.815046667011        0.404513335323        0.325926785311        -0.25659232794
tag_1
        -0.141155284496        -0.272902037848        0.788210016481        0.819832321291        0.392707176709        0.345619043411        -0.232816483865
tag_2
        -0.0959959001902        -0.226123306933        0.874984621167        0.82360167013        0.394321022277        0.338559022478        -0.227088107677
tag_3
tag_4
        -0.176858138711        -0.166605823827        0.875815558846        0.813196122207        0.400865777833        0.33257402981        -0.259640539374
tag_5
my_bundle
        -0.157670594501        -0.217474840493        0.823822322003        0.817333159536        0.400480728342        0.329799356078        -0.25062736738
        -0.157698230937        -0.217517120161        0.823978154357        0.81739450628        0.400448852085        0.33004210143        -0.250158248417
