tag_0
        0.282075792203        -0.0126999432649        0.891820677266        0.235768986352        0.896918571568        0.197419198182        -0.317766771767
tag_1
        0.343626420365        0.0129135192455        0.863885134305        0.24426209436        0.884454647641        0.224335999224        -0.328251983966
tag_2
        0.275341683047        0.0424695438789        0.93407294111        0.245653103769        0.886841066253        0.222082141034        -0.322253003787
tag_3
tag_4
        0.220609859739        -0.0385175248145        0.919713550682        0.236433690198        0.893031232676        0.195448639876        -0.329232678779
tag_5
my_bundle
        0.278732079805        -0.0126320120017        0.880453379319        0.239298898868        0.89197315793        0.208188602293        -0.322145042503
        0.278711186367        -0.0126154399556        0.880346628412        0.239335608607        0.892066360706        0.208442030062        -0.321695499895
