tag_0
        0.153926140812        0.111327471605        0.668579176291        0.654360682875        0.705702033264        0.147555993708        -0.228087627183
        0.153887991745        0.111311997557        0.668399592483        0.654104225396        0.705929451613        0.148068882686        -0.227786912806
tag_1
        0.20539260825        0.0723483097334        0.636333796203        0.659164809926        0.697034614046        0.179383828319        -0.217866799479
        0.205385727422        0.0723563214018        0.636356401948        0.659397264964        0.696810016435        0.178878826842        -0.218296617614
tag_2
        0.203115188477        0.159451977514        0.694213034261        0.66138936448        0.699568266391        0.169722141895        -0.210624651363
        0.20322170565        0.159543004161        0.694532270459        0.661070106709        0.699893008005        0.169266094198        -0.21091486604
tag_3
tag_4
        0.101932682404        0.150146157255        0.698603267256        0.655699232672        0.703325993882        0.151995319422        -0.228666756386
        0.101958723965        0.150188011273        0.698851245285        0.655119826719        0.703959756134        0.152737146113        -0.227881632828
tag_5
my_bundle
        0.153016295887        0.1105437743        0.664109437096        0.656821716039        0.703185102914        0.158700343463        -0.221201594398
        0.152997144875        0.110545785211        0.664087338957        0.656789546272        0.703161435688        0.158766801253        -0.221324626036
        0.153008409596        0.110563225287        0.664124640873        0.656752090301        0.703176860876        0.158820846817        -0.221347990348
