tag_0
        0.185763334503        0.0243163966144        0.696866562501        0.725015032459        -0.680763494059        -0.0232881061158        0.101842682502
tag_1
        0.134407318261        0.072217000109        0.707595105884        0.716549181978        -0.681030626248        -0.0860465309939        0.12389733824
tag_2
        0.141942860965        -0.0285507551501        0.720532925004        0.720423316812        -0.681018843739        -0.0644678191744        0.114225563502
tag_3
tag_4
        0.238685491297        -0.0233261646774        0.691322417679        0.723958814437        -0.679259911509        -0.041889738552        0.112848825511
tag_5
my_bundle
        0.185401708203        0.0242824661223        0.69509661754        0.722227207186        -0.681220658886        -0.0486066335469        0.109378564092
        0.185406027365        0.0242845624831        0.695166129995        0.722138251477        -0.68124190811        -0.0496321140566        0.109373038918
