tag_0
        -0.273773652426        -0.0287610498435        0.723269685224        -0.161625266134        0.962684194068        0.21148726217        -0.048883062292
tag_1
        -0.240075899431        0.031353540652        0.742716091745        -0.160920932533        0.957448189638        0.231518136033        -0.0616179382988
tag_2
        -0.338101410577        -0.00255320203302        0.752884983017        -0.15772554722        0.95893779196        0.226430184251        -0.0655006455234
tag_3
tag_4
        -0.307935571008        -0.0893629512664        0.705964015012        -0.160541922855        0.964571468555        0.199218998323        -0.0643425501718
tag_5
my_bundle
        -0.270819867836        -0.028512258022        0.716192311822        -0.161731525032        0.960866689251        0.217476076471        -0.0572911464455
        -0.270865969768        -0.0285063468913        0.716304999928        -0.161644953568        0.960893688379        0.21742003622        -0.0572953442264
