tag_0
        0.0124265490213        0.11102728501        0.971692886765        0.950873560992        0.227998918018        0.177372631874        0.111332447429
tag_1
        -0.0101811274844        0.0429600730763        0.972073209785        0.944805187989        0.22224569745        0.197468101602        0.13768208149
tag_2
        0.0741641345889        0.0916916397251        1.00860796661        0.946544870165        0.221887899394        0.188272806696        0.139183041807
tag_3
tag_4
        0.0347101999514        0.177712643637        0.962566543277        0.947875907196        0.228032910708        0.193095987095        0.110662531871
tag_5
my_bundle
        0.0121611339898        0.109743559144        0.960177930984        0.947994366792        0.226332780341        0.185801157034        0.124732045277
        0.0121757712603        0.109780353497        0.960501699215        0.948075631753        0.226307904669        0.185853569157        0.124079730784
