tag_0
        0.113435931193        0.132147514233        0.634831671928        0.979796620532        -0.112822631571        -0.0016798421896        0.165126661474
tag_1
        0.0541465246688        0.0987690192988        0.657871135709        0.97813815171        -0.11482423329        -0.00948981377774        0.173121619252
tag_2
        0.151893239984        0.0750073387508        0.655211375555        0.975332467432        -0.113535278974        -0.00941204667447        0.189070705765
tag_3
tag_4
        0.174127937375        0.167481801767        0.620748586365        0.980441347688        -0.112572624596        -0.000766065523883        0.161435996852
tag_5
my_bundle
        0.113141820701        0.131738465646        0.632821698311        0.977738626993        -0.113692367145        -0.010359973918        0.176050827544
        0.113138866577        0.131730544534        0.632856309913        0.977594975925        -0.113593374277        -0.0110317494717        0.176869751146
