tag_0
tag_1
tag_2
tag_3
tag_4
tag_5
my_bundle
        0.267761339953        -0.147893930395        0.470375221615        0.930400168814        0.09347095425        0.0616945728851        -0.349016455569
        0.267608871626        -0.147836809493        0.470066977583        0.930156797858        0.0932481674214        0.0626525283617        -0.349553674505
        0.267699363966        -0.147898360525        0.470326210172        0.930301427637        0.0934198592809        0.062312652903        -0.349183500351
        0.268006310951        -0.148108168982        0.471081782677        0.93113105581        0.0937966103559        0.0613667467136        -0.347032095331
