tag_0
tag_1
tag_2
tag_3
tag_4
        0.0478726722084        0.260191807311        0.9167802878        0.177495879188        0.947644869468        -0.164060697173        -0.208682778123
        0.0478679959737        0.260215555783        0.916830822458        0.177550402884        0.947486783454        -0.164012860572        -0.209390618661
tag_5
my_bundle
        0.1048502304        0.284661257287        0.883390585165        0.176341119285        0.950786212353        -0.16635078278        -0.192968404454
        0.104816595437        0.284498605667        0.882848616281        0.176528942242        0.950799107391        -0.165637246548        -0.193346560589
        0.104812050025        0.284565229296        0.883052440627        0.176350637292        0.950749020298        -0.166212962117        -0.193261492163
