tag_0
        0.113143577205        0.00547074577263        0.504757235926        0.815655005973        0.514169528093        0.203252739395        -0.170367049453
tag_1
        0.138036076998        -0.0541277636812        0.47151285754        0.8164305519        0.504401797968        0.233008920816        -0.157247648476
tag_2
        0.178394471842        0.0227055750025        0.527932700178        0.819442939416        0.506807890877        0.218948198736        -0.154015314355
tag_3
tag_4
        0.0873436498338        0.0654738631101        0.534107782004        0.815816374066        0.511521691039        0.209095963543        -0.170493640444
tag_5
my_bundle
        0.112519632482        0.00532442286933        0.501491364643        0.816582532412        0.511458993594        0.212044138616        -0.163217489594
        0.112543530416        0.00531572801933        0.501499616437        0.816504742046        0.511568951763        0.212167011492        -0.163102339171
