tag_0
        0.125114901553        0.199769788433        0.702955973488        0.688587533426        0.724103976255        -0.0385968879943        -0.00556063120627
tag_1
        0.177786833161        0.151912479752        0.702019319864        0.690405995576        0.723343572076        -0.00937646329945        -0.00507148354972
        0.177879890322        0.1520155625        0.702486355045        0.690518026256        0.723217297255        -0.0107149304872        -0.00517558032731
tag_2
tag_3
tag_4
tag_5
my_bundle
        0.124512217455        0.198748616774        0.700019445194        0.689389953175        0.72367063778        -0.0313152870243        -0.00785195990991
        0.124535629151        0.198788765645        0.700151832998        0.689455241772        0.723629999254        -0.0307366513452        -0.00814567599886
        0.124587194597        0.198720224023        0.702119217181        0.690266909518        0.72293543575        -0.0172376950816        -0.0244706197418
