
1
    0.0231    0.0427    0.1878 -171.8329   12.4278  134.8586
2
    0.0588    0.0042    0.1746 -173.4553   17.5445  130.9804
5
    0.0296    0.0095    0.1798 -176.7542   12.6807  133.6410
6
    0.0023   -0.0196    0.1698  175.4545    6.8264  135.2367
9
    0.0277    0.0246    0.1840 -171.7749   14.6030  123.8066
10
   -0.0020    0.0362    0.1870 -171.1564   11.2391  104.1214
13
    0.0467    0.0200    0.1961 -173.2310   15.9622  133.4656
14
    0.0551    0.0113    0.2279 -175.5102   15.0907  135.0700
15
    0.0599   -0.0004    0.2603 -177.9788   14.0253  136.7579
16
    0.0610   -0.0066    0.2756 -178.9116   13.1007  137.5376
17
    0.0418    0.0278    0.1857 -169.5118   21.0401  124.5848
18
    0.0681    0.0403    0.2087 -155.8846   30.6224  103.3171
21
    0.0405    0.0158    0.1844 -172.2871   12.4023  132.7367
22
    0.0470    0.0084    0.2052 -171.1618    4.7886  132.4613
23
    0.0708    0.0152    0.2456 -166.1465    2.8180  133.2248
24
    0.0900    0.0227    0.2684 -162.9403    4.0775  133.9805
25
    0.0349    0.0165    0.1718 -177.6266   10.9913  136.7732
26
   -0.0042    0.0287    0.1516  170.3909   -3.8485  139.4591
