tag_0
tag_1
        0.0708653155584        0.0151879528583        0.24568304738        0.406575655001        0.893175685192        -0.183641262976        0.0566508488442
        0.0708659352017        0.0151934082841        0.245682704733        0.406729576607        0.893155203967        -0.183419684891        0.0565866798372
        0.0708290451925        0.0151793110369        0.245583545077        0.406574540581        0.893132343976        -0.183836757461        0.0567080743885
        0.0708253962925        0.0151757781165        0.24554792211        0.406564050706        0.893132557538        -0.183647474649        0.0573891313208
        0.0708266306344        0.0151709387004        0.245550799007        0.406272786818        0.893125486596        -0.184603889434        0.0564862097314
        0.0708427065045        0.015182654779        0.245610236019        0.406482666798        0.893208029359        -0.183587796559        0.0569805127802
        0.070822449309        0.0151783288508        0.24552611061        0.40674924562        0.89315367937        -0.183013753137        0.0577712937183
tag_2
tag_3
