tag_0
tag_1
        0.0681075556756        0.0402489977543        0.208721479859        0.537675780806        0.771516025357        0.0283832094051        -0.338913220124
        0.0681080251613        0.0402529910117        0.208714675219        0.537695592179        0.771506365403        0.0278851426757        -0.338945124041
        0.0681165191601        0.0402515866177        0.208739964639        0.537742639374        0.771392780263        0.0276660145387        -0.339146906218
        0.0681028571978        0.0402431586057        0.208688193347        0.537747887476        0.771402958898        0.0280084824693        -0.339087318295
        0.0681250919034        0.0402606982294        0.208754498252        0.537599160033        0.771432849826        0.0277752457801        -0.339274279991
        0.0681172524354        0.0402572453677        0.208735177836        0.537595293324        0.77150233187        0.0278572700665        -0.339115651393
        0.0681013597936        0.0402457321741        0.208699734202        0.537692956119        0.771413892817        0.0279133235941        -0.339157393072
        0.0681265790617        0.0402582417781        0.208759052484        0.537651350665        0.771569907763        0.0280384567546        -0.338858004931
tag_2
tag_3
