tag_0
tag_1
        -0.00417982767763        0.028743767767        0.151589342036        0.346833721104        0.934589929019        0.0787478144101        0.0068422370384
        -0.00418052077055        0.0287494960467        0.151631352348        0.346841900871        0.934641111945        0.0781107679694        0.00673762487751
        -0.00417941924473        0.0287458396864        0.151641883383        0.346891570762        0.934613803635        0.0781836224936        0.00711318234139
        -0.00417691804393        0.0287465550645        0.151612449449        0.346855390133        0.93461548129        0.0783488120557        0.00683404114543
tag_2
tag_3
tag_4
tag_5
my_bundle
