tag_0
tag_1
        0.0466655438058        0.020017300025        0.196042030817        0.382925784915        0.911210873304        0.00236366249039        -0.151845318399
        0.046673108821        0.020023436602        0.196064592513        0.382955085503        0.911312849491        0.00169245014087        -0.151166889406
        0.0466811428229        0.0200230413151        0.196098304031        0.38292769506        0.911356291058        0.00144701456709        -0.15097681032
        0.0466776066985        0.0200196209327        0.196079984631        0.382951890321        0.911231207864        0.00171050858969        -0.151666112481
        0.0466683707465        0.020018040802        0.196065427853        0.382795772472        0.91128902728        0.00109832066224        -0.151718486114
        0.0466738601369        0.0200249488007        0.196071342376        0.382813003708        0.911323526255        0.00208744809647        -0.151457179579
        0.0466821350945        0.0200248375647        0.196102608394        0.382717702761        0.911384288948        0.00154346897715        -0.151338876549
        0.0466721952045        0.0200205632803        0.196067404353        0.382871247251        0.911263346581        0.00172180008554        -0.151676486677
tag_2
tag_3
