tag_0
tag_1
        0.0900037839851        0.0227035303454        0.268406811624        0.406135609857        0.88198740415        -0.229478075386        0.0670216251975
        0.0899905682081        0.0226992989164        0.268350264472        0.405929585041        0.882034788448        -0.229551808793        0.0673926630668
        0.0900050947192        0.0227062205393        0.268380895096        0.406168451628        0.882023832318        -0.229102671335        0.0676248039652
        0.0900172642588        0.0227108071113        0.268428303514        0.405966682464        0.882048633179        -0.229526619062        0.0670730391256
        0.0899943561317        0.0226994009826        0.268372110414        0.405681423147        0.882055067062        -0.230008616396        0.0670632385718
        0.0900073098686        0.0227132003467        0.268421973901        0.405951477961        0.88200151072        -0.229781054567        0.0669133737793
tag_2
tag_3
