tag_0
tag_1
        0.0349156755527        0.0164868596208        0.171807036444        0.363833219388        0.92445345387        0.0218868446491        -0.11194715775
        0.0349152974268        0.0164877848536        0.171772578278        0.363897589701        0.924455114103        0.0233057759463        -0.111436650282
        0.0349174006074        0.0164893995476        0.171782125411        0.36389389395        0.924538983539        0.0227350695462        -0.110869375733
        0.0349144932952        0.0164834326023        0.171765353109        0.363905279947        0.924520338064        0.0228798871087        -0.110957660836
        0.0349135727225        0.0164857084484        0.171786843906        0.363790038951        0.924489359116        0.0228466814298        -0.111598663028
        0.0349176844089        0.0164832691122        0.171793912009        0.363825283247        0.924457335657        0.0225944501166        -0.111800217551
        0.034914770711        0.0164862773135        0.171775046068        0.363946240382        0.924530551495        0.0226015235968        -0.110795146986
tag_2
tag_3
