tag_0
tag_1
        0.0418053111344        0.027790457533        0.185688189772        0.439541615445        0.873471305366        0.0105018324443        -0.209142914077
        0.0417889745398        0.027782257782        0.185653124191        0.439350405703        0.87351004975        0.0099666033936        -0.209408884268
        0.0417877937364        0.0277783946433        0.185641474074        0.43922474007        0.873431471902        0.0100503049739        -0.209995435598
        0.0417891808813        0.027783778358        0.185630228489        0.439510050507        0.873456671088        0.0110049952246        -0.209244472603
        0.041801261646        0.0277873917373        0.18567346477        0.439194571387        0.873570088111        0.0103626997033        -0.209466092905
        0.0417890612277        0.027784262273        0.185637964703        0.439479044683        0.873454800625        0.0112322494578        -0.209305320336
        0.0417906471531        0.0277850234265        0.185608817725        0.43955142734        0.873530251348        0.0120288539862        -0.208793556834
        0.0417896179601        0.0277800396056        0.185633946052        0.439466914263        0.873408279185        0.0107758664893        -0.20954877671
        0.0418028138566        0.0277879935309        0.185717081995        0.439108201444        0.873549359198        0.00911266947503        -0.209791476766
tag_2
tag_3
