tag_0
tag_1
        0.059861964288        -0.000388980014806        0.260248537459        0.362091989701        0.919758320201        0.040652355453        -0.14588149098
        0.0598826647086        -0.000393215946568        0.260352420278        0.361900354614        0.919937568872        0.0394583772719        -0.145554248206
        0.0598696156581        -0.000386602188592        0.260306416151        0.361838990309        0.919915468025        0.0403316175599        -0.145607133771
        0.0598762489867        -0.000390045135086        0.260322653519        0.361771053335        0.919961229664        0.0390812377158        -0.145827630243
        0.059881424075        -0.000391923580823        0.260347160124        0.361950189288        0.9200048165        0.0401332984976        -0.144818909137
        0.0598846449547        -0.000391124419246        0.26035986862        0.362071720801        0.919981497934        0.040139884213        -0.144661336058
tag_2
tag_3
