tag_0
tag_1
        0.0404823777608        0.015772235618        0.18437725504        0.393088766824        0.912877424483        -0.030018182221        -0.105994990454
        0.0404802660948        0.0157722829031        0.184348931681        0.393013379959        0.912981838012        -0.02960021238        -0.105491582893
        0.0404849513432        0.0157727656264        0.184377349774        0.39295826576        0.913019750944        -0.0298265450004        -0.105304857297
        0.0404777793877        0.0157653076812        0.184367301283        0.392823398233        0.912955753892        -0.0310085304831        -0.106019056183
        0.040478517204        0.0157721601771        0.184358527089        0.392850765504        0.912971727577        -0.0302457467581        -0.106000450426
        0.0404831231434        0.0157706172481        0.184378042087        0.392910711529        0.912985302429        -0.0303496653626        -0.105630999841
        0.0404824155876        0.0157716176127        0.184390946335        0.392991569172        0.912968877854        -0.0302765257179        -0.105493064322
tag_2
tag_3
