1
    0.2753    0.0506    0.8671  168.6085  -38.8887  153.7948
2
   -0.1623   -0.1609    0.8070 -174.0527  -43.6629   50.0072
3
   -0.2077   -0.1001    0.7472  169.0340  -20.6866  133.6963
4
    0.0067    0.1799    0.9411  156.6263  -15.4034   30.9964
5
    0.1487    0.1588    0.6478 -176.6437  -27.5471   93.3956
7
    0.1200    0.2503    0.6840 -177.7736    0.8109   92.8006
8
   -0.2698    0.0222    0.6890  156.6530   -4.5081 -160.6775
9
    0.1004    0.3529    0.8682 -152.5349  -14.7030  154.8771
10
    0.2612   -0.1140    0.4549 -144.1458  -11.9168    8.0093
11
    0.1808    0.0744    0.6788  168.6706   -3.1496  -86.9180
12
    0.1103    0.1802    0.6251  158.1244    0.2800  -13.7307
13
    0.1085    0.0406    0.4851 -179.8636  -28.1315   64.9066
