tag_0
        0.278426704297        0.0513819572609        0.8775860289        0.241766344749        0.911460189697        0.155575300077        -0.294254453067
        0.278040854492        0.0513377163382        0.876433678782        0.242580573846        0.91104702956        0.156489623095        -0.294378961521
tag_1
        0.271739296665        0.0602219986649        0.67867152687        0.248835577414        0.900614132711        0.185569505391        -0.304202232147
        0.271308068441        0.0601566885955        0.67769511871        0.248385434345        0.899886896144        0.186311215929        -0.306261948293
tag_2
        0.271260116631        0.110480355574        0.918765416538        0.25221096868        0.901162301532        0.181676991899        -0.302141695551
        0.27115156465        0.110431752482        0.918377395083        0.251963946123        0.901194448685        0.182148603462        -0.301967915133
tag_3
tag_4
        0.215988150437        0.0270657902372        0.902944794002        0.243947371263        0.905569343084        0.153402566145        -0.311290053842
        0.216041860116        0.0270610391093        0.903180717064        0.243036299723        0.905862106141        0.151580875749        -0.312042368568
tag_5
my_bundle
        0.275276522959        0.0505610648558        0.866974162526        0.245113420987        0.906422611018        0.166329061932        -0.301084878805
        0.275313533394        0.0505717007927        0.867049111846        0.244995425324        0.906423356293        0.166383530686        -0.301148570398
        0.275300982517        0.0505788591923        0.867052541984        0.244888955381        0.90639193613        0.166241779204        -0.301407910476
