tag_0
        0.109139812939        0.0412528246122        0.489049322932        0.817677946013        0.524263296045        0.194487382426        -0.136840897034
tag_1
        0.132644577237        -0.0205044417676        0.452252805978        0.817876992814        0.513154360948        0.229509968653        -0.12278029465
tag_2
        0.17270314955        0.0598331124315        0.508827612146        0.819677116906        0.517008444354        0.213239876803        -0.123937272149
tag_3
tag_4
        0.0838872193022        0.103951168229        0.520317827039        0.818518756455        0.521364751606        0.196261542382        -0.140311254346
tag_5
my_bundle
        0.108532140299        0.0406438900887        0.48503026918        0.818341417608        0.520820603475        0.204571721585        -0.131200739142
        0.108530429371        0.0406471433458        0.485058605309        0.818373207171        0.520766585814        0.204460711893        -0.131389779574
