tag_0
        -0.208277476835        -0.100257974404        0.749855274507        0.399069018492        0.894944310607        0.150653981726        -0.130850973182
tag_1
        -0.112652781038        -0.0835856649725        0.603597367016        0.401890223533        0.892076355418        0.159602769676        -0.131190625598
tag_2
        -0.207359347202        -0.0356674946799        0.794299332782        0.403829172549        0.89075899826        0.175785575528        -0.112115288227
tag_3
tag_4
        -0.279224878582        -0.0978037126905        0.758419437936        0.401320527556        0.893345381312        0.155904657875        -0.128722964163
tag_5
my_bundle
        -0.207704146219        -0.100078788511        0.747063232189        0.400749334205        0.893593988147        0.156713485186        -0.127791388765
        -0.207741520039        -0.100103022512        0.747170168796        0.40078497703        0.893640501969        0.156696936346        -0.127373959532
