tag_0
tag_1
        0.13791742235        0.162225115227        0.546138438936        0.688018454081        0.725582130727        -0.0053876361911        0.0114957291924
        0.13814207755        0.162457994155        0.546922181517        0.688264734013        0.725358918483        -0.00845228733305        0.00864026213365
        0.137822422597        0.162044504922        0.545547589298        0.688283107481        0.725359019731        -0.00530478164404        0.00961851040883
tag_2
tag_3
tag_4
tag_5
my_bundle
        0.120095237397        0.250412208467        0.684473964601        0.68970472162        0.723745931437        -0.020483980972        -0.00892357707528
        0.120072696982        0.250431260707        0.684563905913        0.689518869742        0.723958309679        -0.0194898994168        -0.00826062570124
        0.120046596857        0.250359704077        0.684354326343        0.689386153532        0.724094276488        -0.0191760857802        -0.0081540057364
        0.120008161764        0.250255099913        0.684000188612        0.689567636411        0.723926098035        -0.0189478680356        -0.00827391661767
