tag_0
        -0.272028486301        0.022476671779        0.694379721344        -0.157506511905        0.967338285811        0.188008972485        -0.0640387833803
tag_1
        -0.192697362735        0.067192972515        0.574362736999        -0.154964123161        0.964336370028        0.201700781223        -0.0732002788806
tag_2
        -0.335763265924        0.0505312654579        0.723725113777        -0.15164315223        0.964760836966        0.201289576125        -0.0756530791275
tag_3
tag_4
        -0.303776195978        -0.0385814387976        0.674161743219        -0.156627971562        0.967687286641        0.179619838253        -0.0823754059392
tag_5
my_bundle
        -0.269831359903        0.0221629369996        0.689080089263        -0.156312961403        0.966013003981        0.192846958628        -0.07207763026
        -0.269831011047        0.0221635314543        0.689045922261        -0.156379294245        0.966015580489        0.192846255703        -0.071900877912
