tag_0
        0.00683306430819        0.181801131048        0.950577801025        0.945571294955        0.233739549447        0.169280762655        0.1503488363
tag_1
        -0.012485579326        0.0899070722192        0.755815838517        0.937387189257        0.230184511086        0.196877178944        0.171929417742
tag_2
        0.0680123933535        0.164292142364        0.982606077909        0.940017591485        0.230230720217        0.18684324577        0.168672299676
tag_3
tag_4
        0.0292480462769        0.249231842888        0.944515037808        0.943436920961        0.234475701159        0.183086575692        0.146380420597
tag_5
my_bundle
        0.00669442657014        0.179863325511        0.940930427862        0.942405345125        0.233165163167        0.180217499418        0.158201849131
        0.00669963612879        0.179874562645        0.941079371517        0.942403046708        0.233149109147        0.180103857969        0.158368528453
