tag_0
        0.149602904934        0.160035197907        0.652522490062        0.658780775967        0.713752078053        0.132313853818        -0.19763325727
tag_1
        0.16033347488        0.0944891069493        0.495253811113        0.66283012559        0.706306824178        0.162083946429        -0.188456066607
tag_2
        0.197874165796        0.209740360104        0.675518022578        0.663419311792        0.708467088661        0.155171665799        -0.184040634533
tag_3
tag_4
        0.0977191245006        0.201536246996        0.682703306354        0.660449469559        0.710771431864        0.134850330314        -0.201061826857
tag_5
my_bundle
        0.148712679598        0.158781399106        0.647913993907        0.660797542828        0.711272766035        0.142424812136        -0.192750700591
        0.148695929157        0.158765572461        0.647842298774        0.660764523657        0.711298402654        0.142520643413        -0.192698450587
