tag_0
        0.110408400105        0.180540588619        0.626408417621        0.972669657935        -0.116468763154        -0.0339493047713        0.197980323386
        0.110549519496        0.180819556167        0.627329362282        0.97340828147        -0.118363659968        -0.041678774357        0.191648744669
tag_1
        0.0503000060092        0.147109457284        0.644473871903        0.969319171296        -0.114926662843        -0.0106994735994        0.217020108725
        0.0502964271129        0.147128317051        0.644551797964        0.969483761634        -0.115469785729        -0.0149104100146        0.215744395488
tag_2
        0.149059203627        0.123833066158        0.646530842607        0.970341810005        -0.114600455388        -0.0319145218304        0.210439945537
        0.149007900032        0.123789754719        0.646326435522        0.970186861117        -0.114671733876        -0.0331407296244        0.210925437074
tag_3
tag_4
        0.172400056689        0.216526662939        0.615280586063        0.980416883558        -0.12006186695        -0.0301931158112        0.15315436101
        0.172462861201        0.216611788848        0.61549782031        0.979483969769        -0.120919162376        -0.0364710295854        0.157033668799
tag_5
my_bundle
        0.110264255714        0.180170396384        0.62510416007        0.974750709475        -0.116769957698        -0.0248021818582        0.188707930761
        0.110288089896        0.180205388905        0.625188784243        0.975038230146        -0.116848328004        -0.024039906986        0.187267191118
        0.110258398366        0.180176514666        0.625104381334        0.974846316124        -0.116904734766        -0.0250628115873        0.188095184428
