tag_0
        0.18060420698        0.0743745449783        0.678618778893        0.722519946479        -0.688237895018        -0.0377990237558        0.0535234584421
tag_1
        0.10409376387        0.098960115582        0.554084073658        0.714203037729        -0.675839181222        -0.0288733494898        0.179782512256
tag_2
        0.135919400092        0.022663273027        0.697398793486        0.712357137699        -0.675662720349        -0.0737824271389        0.174880959928
tag_3
tag_4
        0.23384062285        0.026206082828        0.675124272257        0.71573200831        -0.691501764124        -0.0777062574028        0.0592852431393
tag_5
my_bundle
        0.180785962314        0.0744224454504        0.678872981666        0.720100885528        -0.686200966814        -0.0480092830635        0.0909838257338
        0.180781368536        0.0744181618919        0.678821404387        0.720183357241        -0.686186793993        -0.0480179686587        0.0904316890713
