tag_0
tag_1
tag_2
tag_3
tag_4
tag_5
my_bundle
        0.261166216313        -0.11408321244        0.45478884402        0.941443932209        0.0971789521445        0.0775151309444        -0.313418216193
        0.261420361112        -0.114182488615        0.455467983014        0.94209499607        0.0980217706935        0.0768719393441        -0.311351017008
        0.26143396831        -0.11416042167        0.455407437863        0.94185794954        0.0977654792733        0.0763169920775        -0.312283894351
        0.261175868217        -0.114040903389        0.454855803203        0.941766757556        0.0979621583392        0.0771447583178        -0.312293893889
