tag_0
        -0.162892143144        -0.161294415202        0.810549654917        0.830570052394        0.41375572048        0.309269200059        -0.208115721969
tag_1
        -0.115693038865        -0.174260199541        0.61351997706        0.833412478318        0.398773091191        0.338018770666        -0.179295770732
tag_2
        -0.100210306168        -0.164504784803        0.850608266772        0.834194862982        0.40230416988        0.332982719152        -0.177180118007
tag_3
tag_4
        -0.181899423593        -0.105582604463        0.858108294856        0.826355478224        0.411697249973        0.315855298369        -0.218809114222
tag_5
my_bundle
        -0.162239775335        -0.160859099183        0.80689306852        0.831924986648        0.409314287612        0.316415565827        -0.200608624564
        -0.162277215664        -0.160876706276        0.806993938221        0.83199762292        0.409316821826        0.316217518126        -0.200614496124
