tag_0
tag_1
tag_2
tag_3
tag_4
        0.0431231607182        0.33269447039        0.908163499547        0.182993945451        0.945506609708        -0.194199040654        -0.18659367496
        0.0431217447185        0.332898852709        0.908742644079        0.182986673988        0.945707751316        -0.193444088138        -0.186365530632
tag_5
my_bundle
        0.100348516119        0.352803832864        0.867935442275        0.179968956057        0.946900700296        -0.202805128684        -0.172801384295
        0.100393745773        0.352898641323        0.868240175626        0.180061036327        0.946837069927        -0.203152929638        -0.172645513664
        0.100373533347        0.352909242638        0.868223467941        0.179884191198        0.946974252708        -0.202769795456        -0.172527831133
