1
    0.2131   -0.0781    0.8400  160.4639   23.7247  143.1607
2
   -0.2522   -0.1351    0.7809 -165.5606  -40.3761   29.8758
3
   -0.2940   -0.0792    0.7401  162.3140   -5.6505  119.9644
4
    0.0037    0.1245    0.9079  161.8703  -22.4721   14.2337
5
    0.1301    0.0949    0.6307 -175.7539   -3.0844   77.4173

7
    0.1256    0.1832    0.6639 -177.9517    1.9808   77.3418

8
   -0.3092    0.0571    0.6789  154.8004    3.7771 -175.4994
9
    0.1277    0.2463    0.8422 -158.2967   27.1980  139.5984

10
    0.1866   -0.1699    0.4338 -135.8859  -13.6008   -8.6111

11
    0.1613   -0.0126    0.6530  168.6085   11.7350 -101.4777
12
    0.1180    0.1271    0.5911  162.4551    6.4227  -28.4092
13
    0.0711    0.0150    0.4690 -176.2259  -20.4238   47.4482
