tag_0
        0.126500548897        0.184562291567        0.667858031168        0.780383236653        0.624099123205        -0.0348127683753        -0.0170399390631
        0.126555633154        0.184658718406        0.668160654726        0.780451384933        0.623801121241        -0.0371803590405        -0.0196320604129
tag_1
        0.164002826784        0.123853363411        0.664387230229        0.781103234705        0.624389926109        -0.00370094952755        -0.00112244381904
        0.164011564903        0.123825566865        0.664384240421        0.780697367534        0.62490462407        -0.00228261694244        -0.00078790988685
tag_2
        0.188512864529        0.224862078225        0.673214096406        0.780623385893        0.624757605383        0.0017912220517        -0.0173739873853
        0.188640612874        0.224992193692        0.673597505838        0.780508407579        0.624951632745        0.0020564797104        -0.0154224939213
tag_3
tag_4
tag_5
my_bundle
        0.12563201258        0.183251748799        0.663975329374        0.780666514076        0.624674895434        -0.011063821853        -0.0147871789369
        0.125596185425        0.183220187827        0.663834518769        0.780610337067        0.62476395945        -0.0105486794236        -0.0143604317211
        0.125589889788        0.183199216639        0.663750978068        0.780569868402        0.624826632496        -0.0103637583137        -0.0139625348935
