tag_0
        -0.251926541993        -0.135033470998        0.780550844871        0.845669038254        0.287383163538        0.384559327358        -0.23317143649
        -0.252181864139        -0.135186358794        0.781400130421        0.846564730955        0.287107210397        0.383419232112        -0.232136379072
        -0.251902402558        -0.135050384203        0.780489504373        0.845514862716        0.288024363671        0.383920940382        -0.233989945072
tag_1
        -0.250838691313        -0.19092717412        0.746103123878        0.852568301709        0.27531625194        0.395318468099        -0.202611848415
        -0.250385743148        -0.190610441489        0.744818654582        0.851367708491        0.276267138589        0.395683596576        -0.205630699252
        -0.250467878136        -0.190694685462        0.745085746038        0.852573594999        0.275576596033        0.394590951902        -0.203651136766
tag_2
        -0.196881617484        -0.160328338456        0.830776697018        0.853834834829        0.28116379085        0.387282841889        -0.204755947229
        -0.196888338283        -0.160310740069        0.830722924114        0.853621894835        0.280734862623        0.386611529034        -0.20748282624
        -0.196602383037        -0.160105575803        0.829540331769        0.852897166194        0.281228585711        0.387658368804        -0.207841034383
tag_3
tag_4
        -0.256904849333        -0.0819985826109        0.825823525911        0.849437827734        0.287166650412        0.380108859889        -0.226953621562
        -0.256740641846        -0.0819499517951        0.825316397963        0.849076890352        0.287498156218        0.380303970683        -0.227556881513
        -0.25734422698        -0.0821224463516        0.827153002611        0.849537456209        0.287802207785        0.380464803916        -0.225172228913
tag_5
my_bundle
        -0.252185597789        -0.135046544953        0.780811191708        0.850021797757        0.283106576612        0.385757546088        -0.220237883329
        -0.252228412062        -0.135066260372        0.780945656522        0.849993340171        0.283057723266        0.385877778972        -0.220199878881
        -0.252208941517        -0.135057796784        0.780905481865        0.84996903424        0.283030722182        0.385980082691        -0.220149101519
        -0.252197578051        -0.135069385551        0.780863830547        0.849860902122        0.283162586462        0.38608647653        -0.220210420536
