tag_0
        -0.294336090126        -0.0792452916027        0.740496760119        0.507600718281        0.829305731756        0.2156759084        -0.0898744491698
        -0.294240835455        -0.0792220774113        0.740249496628        0.507897838125        0.828927472658        0.216624955397        -0.0894016767214
tag_1
        -0.227008724825        -0.100908140667        0.738448013807        0.508088811619        0.821383871307        0.245893996664        -0.0819172623405
        -0.227119171368        -0.100943873996        0.738795519512        0.508275174486        0.821404180436        0.246006228448        -0.0802025867877
tag_2
        -0.27517852897        -0.0197616806323        0.777916966957        0.507515097932        0.8248058923        0.235988252339        -0.0802072949109
        -0.275250469264        -0.019791303436        0.778162521181        0.5082989744        0.82452161388        0.235132631152        -0.0806777951832
tag_3
tag_4
        -0.365857464778        -0.058430307302        0.752978892435        0.510963138224        0.830578565443        0.208076721337        -0.075894637757
        -0.365393701859        -0.0583709320154        0.752031768428        0.511448171937        0.830716664518        0.205364631593        -0.0784599184584
tag_5
my_bundle
        -0.293928976533        -0.0791943189163        0.739953071295        0.510236493515        0.827180781797        0.221130834594        -0.0808197309055
        -0.294019747606        -0.0792307216746        0.7402111199        0.510362237543        0.8271637023        0.221092549913        -0.0803036765006
        -0.294018061431        -0.079230335629        0.74020228086        0.510351602147        0.827113226813        0.221162497796        -0.08069759467
