tag_0
        -0.309811045898        0.0572810730102        0.679162109373        -0.0360994577109        0.975625224155        0.21541128392        -0.0212186216792
        -0.309797407087        0.0572590385873        0.679085765766        -0.0358956309317        0.975644661155        0.21531038988        -0.0216895101116
        -0.309696073741        0.057246720423        0.678840910819        -0.0368071009863        0.975443320413        0.216138055294        -0.0209739608087
tag_1
        -0.261474407487        0.106212733946        0.697656711235        -0.0349822743533        0.970411856263        0.237567482828        -0.0252737177176
        -0.261856041206        0.10633118163        0.698444617812        -0.0341290212397        0.970673542397        0.236451443284        -0.0268104265029
        -0.261982717288        0.106384948447        0.69881596736        -0.0340691575048        0.970623311664        0.236721445105        -0.0263179936159
tag_2
        -0.38193319861        0.103424765693        0.742436836727        0.0536509863745        0.83402939652        -0.316430895523        0.448762772253
        -0.382405073411        0.103597421348        0.743441758123        0.0535782712846        0.833905819705        -0.316538822368        0.44892496772
        -0.380565901115        0.103072802326        0.739734502857        0.0543533445073        0.832141378876        -0.318476244456        0.450731983801
tag_3
tag_4
tag_5
my_bundle
        -0.309067509586        0.0571264361315        0.678765979241        -0.0343498403456        0.975104048978        0.217484051154        -0.0263224168605
        -0.309090266166        0.0571185014556        0.678808614563        -0.034417110849        0.975130965791        0.217388365479        -0.0260261520555
        -0.309360014431        0.0571732147543        0.679401038184        -0.0343117389748        0.975279454708        0.21671000681        -0.0262576225548
        -0.309131813643        0.057123226964        0.678820153058        -0.0344337307643        0.975127689007        0.217395055507        -0.026071021453
