tag_0
tag_1
tag_2
tag_3
tag_4
tag_5
my_bundle
        0.18672366145        -0.170190790107        0.434465794324        0.923258614087        -0.034171548353        0.114871367861        -0.365007404915
        0.186523419607        -0.169864646953        0.433576276601        0.922603131105        -0.0337927357563        0.116182602064        -0.366282836704
        0.186669065362        -0.169996610682        0.43403947711        0.922914830568        -0.0337619148393        0.114908343032        -0.365902201859
        0.186402765112        -0.169743049958        0.433144052934        0.922298017101        -0.0341407689472        0.115587326623        -0.36720613485
        0.186557515483        -0.169913066662        0.433721196436        0.922552353288        -0.0341062084455        0.115350123765        -0.366644611218
        0.18658384213        -0.169864777052        0.433716326966        0.922749075597        -0.0335780229351        0.114907050781        -0.36633731661
