tag_0
        0.161080844644        -0.0125837204495        0.652570781902        -0.631207095684        0.771648417114        0.00562443525258        -0.0781325057335
        0.161143890971        -0.0125984817367        0.652926637488        -0.630458293684        0.772095265459        0.0090787461475        -0.0794280639944
tag_1
        0.123726137581        0.0468099265139        0.660205740353        -0.616992999179        0.769614793917        0.11908837297        -0.113272535824
        0.12368339277        0.0468088442048        0.660016135241        -0.61660574341        0.769337174371        0.122912180315        -0.113182442347
tag_2
        0.105110069811        -0.0522558189065        0.677853048398        -0.625800877926        0.778412049722        0.0437730196485        -0.0230621938687
        0.105105160601        -0.0522691196929        0.677771058822        -0.625724288539        0.778796186651        0.039728636227        -0.0191637640708
tag_3
tag_4
        0.199621979745        -0.0721974385503        0.648473288538        -0.62771671908        0.771376451279        0.0539319298315        -0.0896740650625
        0.199287015348        -0.0720958611038        0.647370031139        -0.628464479241        0.771054740493        0.049728762158        -0.0896327825637
tag_5
my_bundle
        0.161267842117        -0.0125629713567        0.652969766084        -0.626652902965        0.772206304241        0.0545660945642        -0.0895885272782
        0.161275880308        -0.0125633024392        0.65297076234        -0.626718344579        0.772146783994        0.0543543106749        -0.0897723200497
        0.16126166108        -0.0125683412415        0.652957678513        -0.626590383927        0.772168490262        0.0553104771937        -0.0898947413871
