tag_0
        0.117521903241        0.126678360854        0.588457909964        0.959365388517        -0.241124131911        0.0233300979214        0.144682102749
        0.117509168956        0.126660069482        0.588416236085        0.960161350733        -0.24216157103        0.0228759385134        0.137566876505
        0.117616248754        0.126787558711        0.588975614617        0.959767437235        -0.241471389156        0.0210008949057        0.141763877821
tag_1
        0.0514798590288        0.110435305721        0.610906955755        0.956804254524        -0.252219225459        -0.0684112336138        0.127400878915
        0.051615617641        0.110639031407        0.611956116878        0.958445789352        -0.251469940182        -0.0504418415228        0.124900595205
        0.0516422953735        0.110652104776        0.612196158705        0.959001375578        -0.250353561026        -0.0436426801703        0.125438321853
tag_2
        0.139423157746        0.0617246025307        0.611863305124        0.956995103454        -0.244263606334        -0.00878251057685        0.156264295646
        0.139404327276        0.0617195995844        0.611851559079        0.956491888607        -0.244587479107        -0.00969903206599        0.158764482394
        0.139417153007        0.0617188270344        0.611881032986        0.956519733672        -0.244931800635        -0.00878001087386        0.158118068366
tag_3
tag_4
        0.185951546183        0.145876577651        0.579732166371        0.960155484804        -0.244053761629        -0.00742032800652        0.135956409077
        0.186062707128        0.145944093375        0.580068355497        0.959937247274        -0.244616117718        -0.00888994462423        0.136397966012
        0.186203318236        0.146072528293        0.580549528807        0.959562263823        -0.243949593194        -0.00973267779907        0.140121849866
tag_5
my_bundle
        0.118007803331        0.127144617351        0.591042430934        0.957274014652        -0.245159742471        -0.0195022708714        0.152127653549
        0.118000697839        0.127152012016        0.591068388465        0.957274406694        -0.2451755415        -0.0198965457318        0.152048648819
        0.118016067483        0.127156538642        0.591123594282        0.957191223268        -0.245350819621        -0.0200115563212        0.152274341314
        0.118007233754        0.127145117596        0.591099317524        0.957187502353        -0.245115471209        -0.0195848357615        0.152731546584
