tag_0
        0.0712229539581        0.0150415192168        0.470586028451        0.873304070921        0.396443630674        0.238686036176        -0.15232013506
        0.0712148701392        0.0150533181641        0.47048275914        0.873110716988        0.396648853877        0.239358133122        -0.15183888404
tag_1
        0.0810422535765        -0.0487768523018        0.441941059578        0.874279425757        0.388330409914        0.257711181793        -0.135720025097
        0.0810605948574        -0.0487855092934        0.441984804509        0.87431649443        0.388290874732        0.257179175165        -0.136600644322
tag_2
        0.138859497631        0.0136187615145        0.497153017205        0.876006771299        0.392792487385        0.242000788314        -0.140576729753
        0.138937910878        0.0136232205972        0.497466969611        0.875806882895        0.393104865743        0.241901899657        -0.141118175108
tag_3
tag_4
        0.0613410665233        0.0785251058913        0.497049017479        0.876231003266        0.397279626543        0.23316191906        -0.141504935426
        0.0613454265959        0.0785321029556        0.497021400711        0.876095531636        0.397840647451        0.232853074601        -0.141275915613
tag_5
my_bundle
        0.0710678748618        0.0150360160385        0.468969199321        0.874727294873        0.394460001851        0.243404501961        -0.141448630138
        0.0710682709741        0.0150345551934        0.468999280295        0.874761702465        0.39447736809        0.243240703926        -0.141469183635
        0.0710667130377        0.0150364364415        0.468971462156        0.874728575384        0.394524968832        0.24328706614        -0.141461555993
