tag_0
        0.00375044121208        0.125323330017        0.915081188622        0.97134251724        0.096089346553        0.182630233744        0.117926881596
        0.00376928990773        0.125357733601        0.915330220298        0.971573720152        0.0954944232381        0.182776153228        0.116267791116
tag_1
        -0.0357563228914        0.0664515299315        0.917853359573        0.965872678751        0.0909225657413        0.194649884192        0.144687518695
        -0.0358207080383        0.0665566806925        0.91916561101        0.966468167123        0.0906902726065        0.193132253759        0.142879281039
tag_2
        0.0568063555296        0.0899449486952        0.954807936587        0.968660286706        0.0924802490369        0.18715112948        0.134607233208
        0.0567944652836        0.0899256299332        0.954590333698        0.9684033165        0.0919138155026        0.18784838566        0.135867034692
tag_3
tag_4
        0.0426313021495        0.182544597556        0.904886423199        0.967992481083        0.0953427583576        0.191407265298        0.13139091973
        0.0426612889872        0.182646330599        0.905200920476        0.968533823912        0.0955109727891        0.190410810022        0.128699687031
tag_5
my_bundle
        0.00370492916624        0.124505623148        0.907992674296        0.96865200359        0.0935547591414        0.187779006265        0.133040774911
        0.00371267940245        0.124479487241        0.907851791166        0.968623432282        0.0936191561296        0.18807354986        0.13278719774
        0.00372134251682        0.124472491084        0.907745094103        0.968582921755        0.0935934480514        0.188174422918        0.132957800547
