tag_0
        0.12750874703        0.246007558088        0.840630359699        0.300812865498        0.915169937707        -0.127344989306        -0.236133137801
        0.127546182709        0.246071869321        0.840804096507        0.30091750151        0.915590589365        -0.126913867986        -0.23459624904
tag_1
        0.191081519558        0.258506783503        0.817242759706        0.308230945734        0.918940336619        -0.101452890954        -0.224164343158
        0.190786950082        0.258114608698        0.815992597335        0.308573714073        0.918107548236        -0.0994714849807        -0.227960997829
tag_2
tag_3
tag_4
        0.0664131211796        0.236907138876        0.875465213238        0.300930519339        0.918491735674        -0.125306247377        -0.223857317051
        0.0664797543852        0.237100597904        0.876203384157        0.300648808608        0.919171209842        -0.125445162591        -0.221355126581
tag_5
my_bundle
        0.127712003325        0.246345440172        0.842196685944        0.303239863325        0.918941981263        -0.114734880519        -0.224559852945
        0.127699252433        0.246333136058        0.842205219582        0.303031104362        0.918934846786        -0.115064416097        -0.224702196917
        0.127699707811        0.246327648278        0.842174741022        0.30312949416        0.918890535479        -0.114743302877        -0.224914801696
