tag_0
        0.130710183571        0.0954559682421        0.63424841693        0.739747566607        0.60941013118        0.188258756403        -0.214362940716
        0.130771273132        0.095518288819        0.63459857278        0.739391931636        0.610214541257        0.188176578625        -0.213371414036
        0.130708741111        0.0954616613948        0.634279316719        0.73939699374        0.610092816594        0.188690065157        -0.21324844689
tag_1
        0.17031696        0.0449992006965        0.60121573773        0.742273731165        0.601577837833        0.216229140506        -0.200944698476
        0.170347351332        0.0449999019868        0.601175084767        0.742876715757        0.600794210436        0.215301093957        -0.202054301697
        0.170447938062        0.0450249023891        0.60168900815        0.742038270308        0.602153591972        0.215582190827        -0.200784900009
tag_2
        0.190495334587        0.128360258702        0.661270376193        0.743976769788        0.60500495611        0.199687272309        -0.201475959798
        0.190663707889        0.12848831719        0.661816413596        0.744140709366        0.604492144403        0.198847915187        -0.203232277566
        0.19044169899        0.128310415898        0.661134927982        0.743912241113        0.604909243135        0.199240650935        -0.202441468349
tag_3
tag_4
        0.0903430998963        0.145754169352        0.663949097791        0.742724988878        0.611683681222        0.184329767017        -0.200562214823
        0.0902985728081        0.145632677013        0.663498819339        0.743387057795        0.61057780522        0.183343329901        -0.20237502182
        0.0902262731934        0.145497715559        0.662845083415        0.742210877843        0.612182847182        0.186285580985        -0.199130250702
tag_5
my_bundle
        0.130086415885        0.0949466111544        0.63069615456        0.741619123872        0.607705552429        0.197817384228        -0.203870839384
        0.13006298913        0.0949449407296        0.630645345        0.741608275363        0.607725855166        0.197675905419        -0.203986978241
        0.130065849616        0.0949410006193        0.630598662404        0.741616093272        0.607639844079        0.197614152145        -0.204274415824
        0.130079811455        0.0949443138929        0.630715124969        0.741582547274        0.607779996605        0.197749752608        -0.203847581907
