tag_0
        0.215195350652        -0.0788831487956        0.849089413495        0.345676831679        0.852706924473        0.25800660066        -0.294671042031
        0.21528389033        -0.0789296776091        0.849444705057        0.345468477366        0.85313155134        0.256603129716        -0.294911717424
        0.215253848066        -0.0789210740106        0.849262123795        0.34535628167        0.853097123473        0.258319795569        -0.293641311552
tag_1
        0.279858079071        -0.0689659317032        0.817256432985        0.352660990079        0.839926139677        0.28401316618        -0.299150175331
        0.280107051185        -0.0690282607396        0.817978085968        0.35285664369        0.840473206752        0.282482992244        -0.298831619526
        0.279667852064        -0.0689293422772        0.816653297397        0.352823515066        0.839795810881        0.282884051437        -0.30039170542
tag_2
        0.224808270937        -0.0257524234793        0.900109129156        0.352711660056        0.845849330279        0.265960405149        -0.298995749502
        0.224768154566        -0.0257064386595        0.900127018546        0.352267899394        0.846490031308        0.266070808767        -0.297604231615
        0.224662769631        -0.0257251233196        0.899524761378        0.352432595763        0.845864442434        0.266521561122        -0.298782308591
tag_3
tag_4
        0.149267340271        -0.0887132523305        0.877819049052        0.347956913246        0.854554204891        0.251757556497        -0.292029502232
        0.149202679444        -0.0886960253984        0.877560252269        0.347930642238        0.853991393345        0.252724213157        -0.292871030266
        0.149104926686        -0.0886282150144        0.87706824421        0.348252357927        0.853646223483        0.253691884477        -0.292658244515
tag_5
my_bundle
        0.213134467584        -0.0780769185048        0.840070803724        0.348856599898        0.84855692375        0.264944412276        -0.296740085373
        0.213124633825        -0.0780701492765        0.840059684626        0.348913554354        0.848483848664        0.264952341291        -0.296874968613
        0.213148703225        -0.078078144231        0.840162681011        0.348787899223        0.848764541064        0.264669520536        -0.296472258545
        0.213054699804        -0.0780519636705        0.839797572492        0.348943692775        0.848438109569        0.265078699192        -0.296857468727
