tag_0
tag_1
        -0.209766124491        -0.173069004329        0.806657199252        0.973542615952        0.00136620528543        0.10761460748        0.201573819395
        -0.209759399617        -0.173071279103        0.806616597214        0.973308385838        0.000887505555188        0.108627452406        0.20216348576
        -0.209789699821        -0.173093324365        0.806762667433        0.973363791893        0.000987772942329        0.109081936122        0.201650896718
        -0.209684426222        -0.172994271044        0.806313238432        0.973340712933        0.00129686442631        0.108349344621        0.202154876789
        -0.209755669339        -0.173075924642        0.806682324481        0.973380797131        0.00101094714015        0.108431820058        0.201919147587
        -0.209721402007        -0.173016964261        0.806427698757        0.973356575903        0.00130802769998        0.108227765508        0.202143552909
        -0.209778693148        -0.173082982898        0.806660298358        0.973302083934        0.00132310892953        0.109138723348        0.201915927697
        -0.209775665107        -0.173069263471        0.80667702208        0.973453103738        0.00103506466216        0.107913564921        0.20184807646
        -0.209756003893        -0.1730829913        0.80664231175        0.97334732301        0.0010169849017        0.108821711523        0.201870725052
        -0.209735296308        -0.173045094064        0.80652161281        0.973353197105        0.000935946910947        0.108188677392        0.202182807809
        -0.209719277819        -0.173013517069        0.806490964546        0.973259318372        0.000997064440446        0.108650527888        0.202386679042
        -0.20972601159        -0.173024814727        0.806501428128        0.97330372075        0.000848025734563        0.108841254416        0.202071099775
        -0.209706785741        -0.173022494414        0.806444224523        0.973408433584        0.00116175480402        0.107586056965        0.202237266844
        -0.209780500364        -0.173066855304        0.806617159252        0.973416019643        0.00155841890689        0.108151603257        0.201896148417
tag_2
tag_3
tag_4
tag_5
