tag_0
tag_1
        0.0578985881435        0.167364717543        0.714920504938        0.77646787916        0.627408180445        -0.0215814248767        -0.0546886628386
        0.0578561753878        0.167333624977        0.714721175996        0.776492490073        0.627395939116        -0.0207336311451        -0.0548075266712
        0.0578943117367        0.167341372867        0.714849045523        0.7765319288        0.62740043884        -0.0204204752033        -0.0543125868499
        0.0578925539459        0.167355843007        0.71494831772        0.776444127352        0.627496491175        -0.0208029612308        -0.0543130506174
tag_2
tag_3
tag_4
tag_5
