tag_0
tag_1
        0.106153085234        0.154089952991        0.714260915204        0.7780857779        0.624966863083        -0.0181484046911        -0.0605770392633
        0.106168657267        0.154119692341        0.714450000447        0.778028764452        0.625121928848        -0.0177646937089        -0.0598183200658
        0.106176124445        0.154111911269        0.714339141865        0.777966410106        0.625163652034        -0.0179303206953        -0.0601429673574
        0.106182176242        0.154122083863        0.714459362803        0.778027570589        0.625054641208        -0.01783111238        -0.0605131914524
tag_2
tag_3
tag_4
tag_5
