tag_0
tag_1
        0.120457288473        0.20275793414        0.71044139314        0.777840330471        0.62477822633        -0.0247847373289        -0.0632637731489
        0.12045327548        0.202722200865        0.710368356379        0.777759860471        0.624991469628        -0.022687693442        -0.0629327490114
        0.120416817294        0.202676027425        0.71010493522        0.777611876703        0.625076861879        -0.0238749107172        -0.0634718409424
        0.120454704736        0.202767434343        0.710444899441        0.777685105273        0.625083903955        -0.0236819377656        -0.0625712064493
        0.120384223119        0.202675335132        0.710102723908        0.777909118462        0.624637976628        -0.0245676141167        -0.0638845357238
tag_2
tag_3
tag_4
tag_5
