tag_0
        0.0817793955084        -0.13079275843        0.71134464065        -0.00999395980858        0.984520690257        -0.154599834955        0.0819635422371
        0.0818060097635        -0.13087718245        0.711730940644        -0.00956444696431        0.984635707841        -0.154340958927        0.0811166604056
        0.0818272705499        -0.13087050988        0.711666253308        -0.00970026182477        0.984569041219        -0.154141169895        0.0822812720938
tag_1
        0.0164609650926        -0.134992955234        0.707831756616        -0.00981612084451        0.987933718142        -0.130473314179        0.0828693345985
        0.0164447076201        -0.134971952336        0.707670878272        -0.00964277834515        0.987859514465        -0.130463849432        0.0837841303445
        0.0164673568234        -0.135248879696        0.709114439327        -0.0103191661458        0.988307389324        -0.128681467953        0.0811362978123
tag_2
        -0.0492596616142        -0.137636859086        0.697089622147        -0.0102519164679        0.989278254779        -0.121644503811        0.0801626317052
        -0.0492636263087        -0.137646957966        0.697137518327        -0.00957210763454        0.989215381206        -0.120962574012        0.0820326765979
tag_3
        0.080973843307        -0.194719463587        0.74437262625        -0.0060709541184        0.970172124268        -0.217372117358        0.107138020352
        0.0810533484085        -0.194956489356        0.745291906817        -0.00544366886551        0.970609975979        -0.216291652189        0.105378186509
tag_4
        0.0152719502535        -0.197360054132        0.726252934852        -0.00673669126971        0.974373547444        -0.198957568546        0.104721979305
        0.0152699914921        -0.197387333399        0.72629102617        -0.00660307809678        0.974252123981        -0.199223831382        0.105352091999
        0.0152794982878        -0.197363662295        0.726238978428        -0.00747243447        0.974388647131        -0.198815795526        0.104800794435
tag_5
        -0.0498002647475        -0.200004038801        0.70971908257        -0.0064526251891        0.978525321727        -0.176413910537        0.106417529271
        -0.0498637103411        -0.200079662908        0.709928256018        -0.00628341458604        0.97872711597        -0.176155723665        0.104990057558
