tag_0
        0.0851802187545        -0.0810310769604        0.698734317093        0.0122995266559        0.983411747131        -0.162056089039        0.0805473851491
        0.0851268997593        -0.0809745783195        0.698313866046        0.0127143631144        0.983107208828        -0.163197974928        0.0818839538675
        0.0851252636657        -0.0809864495226        0.698281140392        0.0126416946763        0.983194831601        -0.162417813086        0.0823927464044
tag_1
        0.0198318755274        -0.0818079618469        0.697727782582        0.0157354753542        0.990143939869        -0.12082323866        0.0690588021539
        0.0198383660593        -0.0817713566102        0.697398673964        0.0158188061369        0.990080243104        -0.121098019252        0.0694704780528
        0.0198304433691        -0.0818014086404        0.697620783615        0.0157563904972        0.990130162876        -0.120444668951        0.069907642232
tag_2
        -0.0460885933983        -0.0810675190015        0.685564335318        0.0143408484316        0.990064476355        -0.118810639309        0.073828888063
        -0.0460446067859        -0.0810455469228        0.685302320959        0.014540895835        0.989930176173        -0.118991502869        0.0752849978089
        -0.0460571776546        -0.0810735642885        0.685582265451        0.0145810128312        0.990043579008        -0.11781166469        0.0756407125287
tag_3
        0.0812572625713        -0.143855025432        0.732843232515        0.0184851815405        0.967211519337        -0.227804804089        0.110748120346
        0.0813792891622        -0.144014656882        0.733711873172        0.0185786342546        0.967331565244        -0.227809728243        0.10966861424
tag_4
        0.0156871894997        -0.143701660787        0.71269375166        0.0166562135947        0.972271348332        -0.207102623286        0.107328929882
        0.0157017770972        -0.143680689307        0.712678682536        0.016656721761        0.972107076911        -0.207915951897        0.107244307942
tag_5
        -0.0494371743268        -0.143868938746        0.697609460365        0.0163575709646        0.978390396341        -0.177023137202        0.105581585115
        -0.0494820829371        -0.144071333221        0.698635782012        0.0165800947667        0.978947509002        -0.175437551154        0.102997770466
