tag_0
        0.0875064342353        -0.0280990033011        0.686408290959        0.0182828367238        0.983864173455        -0.161056587862        0.0757482777254
        0.0876878476856        -0.0282753210907        0.688143552196        0.0174555072315        0.983487105182        -0.165770819278        0.0704872661131
        0.087675770346        -0.0282535307272        0.687790269098        0.017485594377        0.983359008499        -0.16603676295        0.0716317509317
tag_1
        0.0219546859406        -0.0274164132402        0.682157137122        0.0179547291739        0.989150016985        -0.125768360138        0.0737712083838
        0.0219375989144        -0.0274702781408        0.681937958419        0.018623484816        0.98921750872        -0.125596681157        0.0729887658244
        0.0219191293655        -0.0274475071693        0.681039117777        0.0179361452459        0.988979336316        -0.126186917273        0.0753327879614
tag_2
        -0.043941933858        -0.0262451952591        0.671699039587        0.0174631989677        0.99064406143        -0.115885034624        0.0699288136945
        -0.0439339310361        -0.0262561996289        0.671307648677        0.0168691785824        0.98958135834        -0.121209919111        0.0758440607343
tag_3
        0.0826657215462        -0.0896381666188        0.71687891378        0.0211986521311        0.965585848727        -0.234164231897        0.111183174923
        0.0825854632569        -0.0896139927674        0.716188949505        0.0208211276926        0.965194709109        -0.235452561131        0.111927412222
        0.0826386082209        -0.0896928992562        0.716703812052        0.0212131290816        0.965367004581        -0.234780490931        0.111779562978
tag_4
        0.0174415628629        -0.0898055481948        0.699735150573        0.018643680173        0.971907970586        -0.210350114457        0.103923718413
        0.0174322736092        -0.0898936024709        0.700206904013        0.0193203480898        0.971578991508        -0.211715930849        0.104102603399
tag_5
        -0.0479244062156        -0.0898648286831        0.687640818815        0.0201420821125        0.979956719523        -0.175422052334        0.092229214167
        -0.047930981343        -0.0898593464967        0.687427491854        0.0200030769321        0.979927993272        -0.176062690945        0.0913396615489
